TEST #1
0.34612000000000004
0.60571
0.34612000000000004
0.74823
0.6769700000000001
0.49373
0.88057
0.87039
0.74823
0.75332
0.82458
0.51918
0.5293599999999999
0.8500300000000001
0.83985
0.8653000000000001
0.59044
0.509
0.70242
0.88057
0.7227799999999999
0.89584
0.82967
0.57517
0.51409
0.87039
0.64643
0.82967
0.8653000000000001
0.49373
0.48864
0.48864
0.79913
0.70242
0.49882
0.8347600000000001
0.64643
0.58026
0.7176899999999999
0.8754799999999999
0.50391
0.49882
0.51409
0.8907499999999999
1.0689
0.8653000000000001
0.81949
0.86021
0.49882
0.96012
0.79913
0.47846
0.82967
0.88057
0.88057
0.65661
0.8347600000000001
0.8653000000000001
0.48864
0.8653000000000001
0.48864
0.73805
0.8042199999999999
0.8907499999999999
0.8907499999999999
0.8500300000000001
0.8856599999999999
0.73296
0.8907499999999999
0.8653000000000001
0.82967
0.8754799999999999
0.75332
0.9467399999999999
0.8347600000000001
0.60571
0.8042199999999999
0.509
0.73805
0.89584
0.7126
0.8347600000000001
0.82967
0.53445
0.9060199999999999
0.82458
0.8653000000000001
0.82967
0.78386
0.35121
0.8144
0.8856599999999999
0.8907499999999999
0.8907499999999999
0.509
0.8653000000000001
0.76859
0.81949
0.9009299999999999
0.6769700000000001
0.51918
0.8500300000000001
0.7126
0.8500300000000001
0.84494
0.8653000000000001
0.82967
0.57008
0.83985
0.81949
1.0536299999999998
0.49373
0.83985
0.59553
1.54432
0.95183
0.84494
0.67188
0.92638
0.8754799999999999
0.84494
0.87039
0.8144
0.9671
0.8347600000000001
0.8856599999999999
0.83985
0.8347600000000001
0.65152
0.82967
0.8500300000000001
0.7227799999999999
0.81949
0.48864
0.8907499999999999
0.509
0.509
0.79404
0.81949
0.48355
0.8144
0.82458
0.6108
0.89584
0.5293599999999999
0.9161999999999999
0.70242
0.8754799999999999
0.60571
0.8042199999999999
0.8144
0.8754799999999999
0.87039
0.51409
0.6769700000000001
0.85512
0.8754799999999999
0.66679
0.83985
0.509
0.82967
0.8754799999999999
0.87039
0.8144
0.49882
0.509
0.7227799999999999
0.80931
0.8144
0.82967
0.51409
0.51918
0.7431399999999999
0.8907499999999999
0.509
0.82967
0.8856599999999999
0.74823
1.12776
0.8144
0.50391
0.86021
0.86021
0.64134
0.82967
0.81949
0.88057
0.48864
0.53954
0.69733
0.8347600000000001
0.82967
0.60571
0.80931
0.81949
0.7278699999999999
0.8500300000000001
0.81949
0.49373
0.47846
0.8856599999999999
0.8042199999999999
0.84494
0.83985
0.8144
0.64643
0.51409
0.7431399999999999
0.84494
0.86021
0.8754799999999999
0.49373
0.75332
0.89584
0.9212899999999999
0.9212899999999999
0.8500300000000001
0.8856599999999999
0.65152
0.87039
0.8653000000000001
0.88057
0.8144
0.509
0.6769700000000001
0.7126
0.86021
0.49373
0.50391
0.49882
0.65661
0.8653000000000001
0.89584
0.509
0.9009299999999999
0.82458
0.73805
0.78386
0.49373
0.87039
0.8347600000000001
0.51918
0.7176899999999999
0.7075100000000001
0.8347600000000001
0.5242699999999999
0.8907499999999999
0.58535
0.9855200000000001
0.8754799999999999
0.82967
0.82458
0.8347600000000001
0.6108
0.8754799999999999
0.83985
0.65152
0.82967
0.8856599999999999
0.6769700000000001
0.9161999999999999
0.81949
0.46319
0.46319
0.79913
0.7278699999999999
0.8500300000000001
0.6311599999999999
0.8042199999999999
0.70242
0.46828
0.7126
0.89584
0.58535
0.79913
0.83985
0.51918
0.7176899999999999
0.83985
0.82967
0.47336999999999996
0.47846
0.7176899999999999
0.9144
0.79913
0.8042199999999999
0.8347600000000001
0.48355
0.64134
0.8144
0.8042199999999999
0.7889499999999999
0.80931
0.48864
0.59044
0.82967
0.8347600000000001
0.8347600000000001
0.8754799999999999
0.81949
0.77877
0.88057
0.47846
0.82458
0.45809999999999995
0.8347600000000001
0.7126
0.8653000000000001
0.7227799999999999
0.79913
0.46828
0.51409
0.7075100000000001
0.83985
0.85512
0.7889499999999999
0.8144
0.7075100000000001
0.88057
0.87039
0.6769700000000001
0.7889499999999999
0.84494
0.82458
0.84494
0.82967
0.7889499999999999
0.83985
0.89584
0.82967
0.87039
0.83985
0.5242699999999999
0.83985
0.49882
0.65152
0.8347600000000001
0.8347600000000001
0.86021
0.47336999999999996
0.46828
0.73296
0.64643
0.85512
0.62098
0.79913
0.509
0.7584099999999999
0.8144
0.8907499999999999
0.87039
0.48355
0.55481
0.69733
0.82967
0.81949
0.69733
0.80931
0.8636
0.8347600000000001
0.79913
0.48355
0.5599
0.46828
0.62098
0.8500300000000001
0.7176899999999999
0.7889499999999999
0.46828
0.47846
1.9367400000000001
0.79913
0.82967
0.80931
0.7889499999999999
0.70242
1.3716000000000002
0.84494
0.8653000000000001
0.50391
0.47336999999999996
0.51409
0.70242
0.78386
0.68715
0.84494
0.8144
0.5599
0.9060199999999999
0.62607
0.79404
0.5293599999999999
0.78386
0.55481
0.79913
0.79404
0.6311599999999999
0.47336999999999996
0.86021
0.62098
0.51918
0.84494
0.85512
0.47336999999999996
0.7176899999999999
0.65152
0.6922400000000001
0.80931
0.82967
0.79913
0.48355
0.7176899999999999
0.78386
0.80931
0.82458
0.84494
0.92638
0.7431399999999999
0.87039
0.65661
0.46828
0.66679
0.7227799999999999
0.79404
0.80931
0.84494
0.47336999999999996
0.64134
0.54972
0.84494
0.51409
0.84494
0.82967
0.8144
0.87039
0.9212899999999999
0.49373
0.8653000000000001
0.88057
0.7889499999999999
0.67188
0.89584
0.63625
0.46828
0.46319
0.47336999999999996
0.76859
0.62607
0.8653000000000001
0.47846
0.9060199999999999
0.5242699999999999
0.7889499999999999
0.62607
0.8653000000000001
0.80931
0.79404
0.57008
0.85512
0.8144
0.54463
0.47336999999999996
0.50391
0.74823
0.8754799999999999
0.84494
0.85512
0.80931
0.8500300000000001
0.67188
0.8042199999999999
0.85512
0.79404
1.0536299999999998
0.47846
0.6769700000000001
0.8347600000000001
0.82458
0.7889499999999999
0.47846
0.82967
0.7075100000000001
0.8144
0.49882
0.64643
0.8500300000000001
0.55481
0.9161999999999999
0.69733
0.85512
0.81949
0.48864
0.8347600000000001
0.8653000000000001
0.79913
0.78386
0.49882
0.88057
1.0922
0.8754799999999999
0.8144
0.48355
0.82967
0.50391
0.79913
0.77877
0.83985
0.82967
0.48355
0.8042199999999999
0.68206
0.83985
0.79913
TEST #2
0.47336999999999996
0.44792
0.87039
0.7126
0.79913
0.57517
0.82967
0.46828
0.55481
0.9009299999999999
0.9314699999999999
0.78386
0.46828
0.47846
0.76859
0.8653000000000001
0.69733
0.6769700000000001
0.6922400000000001
0.47846
0.86021
0.84494
0.7889499999999999
0.8347600000000001
0.78386
0.48864
0.6311599999999999
0.8347600000000001
0.79913
0.8144
0.46828
0.46828
0.7278699999999999
0.79404
0.79913
0.79913
0.44792
0.49373
0.7126
0.8144
0.79913
0.82967
0.82967
0.56499
0.84494
0.80931
0.83985
0.84494
0.49373
0.65661
0.8653000000000001
0.9060199999999999
0.82967
0.49373
0.76859
0.66679
0.86021
0.83985
0.80931
0.48864
0.49373
0.82967
0.81949
0.76859
0.7889499999999999
0.48864
0.78386
0.7075100000000001
0.64134
0.63625
0.78386
0.48864
0.75332
0.7126
0.7889499999999999
0.8347600000000001
0.49882
0.47846
0.70242
0.97219
0.7889499999999999
0.47336999999999996
0.67188
0.8856599999999999
0.8347600000000001
0.8042199999999999
0.77877
0.81949
0.8144
0.81949
1.018
0.80931
0.7889499999999999
0.86021
0.63625
0.46319
0.95692
0.8042199999999999
0.8347600000000001
0.47336999999999996
0.82458
0.49373
0.7176899999999999
0.79913
0.80931
0.47336999999999996
0.82967
0.8653000000000001
0.70242
0.7889499999999999
0.7889499999999999
0.8653000000000001
0.79404
0.5599
0.9212899999999999
0.79404
0.63625
0.86021
0.8042199999999999
0.7278699999999999
0.93656
0.82458
0.47846
0.47336999999999996
0.51918
0.6311599999999999
0.82967
0.7889499999999999
0.86021
0.81949
0.49882
0.66679
0.82967
0.80931
0.82967
0.8042199999999999
0.84494
0.7176899999999999
0.48355
0.8653000000000001
0.8754799999999999
0.49373
0.7431399999999999
0.509
0.8856599999999999
0.8653000000000001
0.8500300000000001
0.509
0.7278699999999999
0.79404
0.8042199999999999
0.9314699999999999
0.8042199999999999
0.8347600000000001
1.0261600000000002
0.8500300000000001
0.79404
0.7889499999999999
0.46828
0.91111
0.8907499999999999
0.8144
0.6311599999999999
0.86021
0.45300999999999997
2.2561500000000003
0.74823
0.7126
0.73805
0.34612000000000004
0.79913
0.5599
0.64134
0.68715
0.34103
0.68206
0.7889499999999999
0.6617
0.7075100000000001
0.7126
0.73296
0.82967
0.64643
0.48864
0.77877
0.7584099999999999
0.7176899999999999
0.81949
0.70242
0.58026
0.79404
0.38683999999999996
0.6769700000000001
0.8347600000000001
0.78386
0.7278699999999999
0.86021
0.7227799999999999
0.82458
0.40210999999999997
0.7635
0.6006199999999999
0.7278699999999999
0.73805
0.54463
0.60571
0.8500300000000001
0.66679
0.5599
0.69733
0.80931
0.41738000000000003
0.48864
0.8500300000000001
0.6769700000000001
0.73805
0.48355
0.46319
1.06172
0.82458
0.87039
0.8144
0.48355
0.81949
0.66679
0.82967
0.49373
0.84494
0.77877
0.7889499999999999
0.8042199999999999
0.49373
0.48864
0.48355
0.7278699999999999
0.79913
0.8500300000000001
0.50391
0.79913
0.85512
0.66679
0.78386
0.79404
0.46319
0.48355
0.48355
0.7126
0.84494
0.81949
0.48355
0.79404
0.79404
0.7584099999999999
0.82458
0.79404
0.53954
0.82458
0.57008
0.86021
0.87039
0.82967
0.81949
0.6006199999999999
0.5599
0.74823
0.47846
0.8144
0.46828
0.65152
0.74823
0.8856599999999999
0.83985
0.82967
0.46319
0.48864
0.80931
0.83985
0.89584
0.49373
0.50391
0.68715
0.8653000000000001
0.47846
0.8347600000000001
0.47846
0.48355
0.46828
0.7278699999999999
0.9009299999999999
0.64134
0.79913
0.48355
0.55481
0.88057
0.64134
0.83985
0.8144
0.8144
0.57008
1.0027300000000001
0.62607
0.82967
0.48864
0.49373
0.54463
0.79404
0.77877
0.83985
0.64134
0.48864
0.64134
0.8754799999999999
0.82458
0.48355
0.509
0.48355
0.8754799999999999
0.8653000000000001
0.79404
0.81949
0.79913
0.47846
0.7126
0.6311599999999999
0.82967
0.48355
0.47846
0.79913
0.94165
0.81949
0.77877
0.7889499999999999
0.49373
0.57517
0.85512
0.82458
0.64643
0.8042199999999999
0.48864
0.7176899999999999
0.83985
0.7889499999999999
0.47336999999999996
0.86021
0.47846
0.64134
0.8500300000000001
0.77877
0.47336999999999996
0.78386
0.84494
0.68715
0.80931
0.62607
0.88057
0.77877
0.48355
0.7075100000000001
0.80931
0.48355
0.86021
0.47846
0.75332
0.7176899999999999
0.88057
0.8042199999999999
0.80931
0.8856599999999999
0.62607
0.8042199999999999
0.83985
0.82967
0.84494
0.8500300000000001
0.6922400000000001
0.9009299999999999
0.6617
0.81949
0.82967
0.48864
0.77877
0.7889499999999999
0.69733
0.48864
0.7889499999999999
0.47846
0.7126
0.84494
0.92638
0.64134
0.49373
0.51918
0.7227799999999999
0.79404
0.84494
0.47846
0.6311599999999999
0.56499
0.7176899999999999
0.51409
0.74823
0.80931
0.4072
0.6617
0.68206
0.7736799999999999
0.63625
0.56499
0.47336999999999996
0.82458
0.73805
0.7126
0.7176899999999999
0.48864
0.63625
0.5599
0.67188
0.7278699999999999
0.6108
0.41738000000000003
0.46319
0.78386
0.74823
0.73805
0.7584099999999999
0.4072
0.45809999999999995
0.69733
0.7889499999999999
0.40210999999999997
0.7635
0.7431399999999999
0.73805
0.77877
0.8144
0.48864
0.49373
0.87039
0.8754799999999999
0.82967
0.46828
0.48864
0.49882
0.73296
0.83985
0.47846
0.48864
0.8500300000000001
0.57517
0.9314699999999999
0.81949
0.65661
0.79404
0.48355
0.8500300000000001
0.79913
0.6769700000000001
0.77877
0.8500300000000001
0.7075100000000001
0.87039
0.38683999999999996
0.57517
0.82967
0.42756
0.82458
0.51409
0.73296
0.46828
0.87039
0.58026
0.7278699999999999
0.68715
0.7736799999999999
0.91111
0.62098
0.62098
0.6769700000000001
0.34612000000000004
0.6769700000000001
0.47336999999999996
0.76859
0.73805
0.509
0.74823
0.7227799999999999
0.7889499999999999
0.49882
0.6108
0.68715
0.68206
0.78386
0.40210999999999997
0.74823
0.6006199999999999
0.68206
0.76859
0.68715
0.82967
0.6617
1.09435
0.6769700000000001
0.76859
0.38175
0.46319
0.89584
0.6158899999999999
0.7635
0.6769700000000001
0.47336999999999996
0.8042199999999999
0.51409
0.73296
TEST #3
0.67188
0.35121
0.73805
0.7889499999999999
0.7278699999999999
0.73296
0.6769700000000001
0.78386
0.39193
0.46319
0.6006199999999999
0.7635
0.45809999999999995
0.34103
0.62607
0.80931
0.54463
0.82967
0.38683999999999996
0.7126
0.9314699999999999
0.93656
0.58535
0.82458
0.6922400000000001
0.35121
0.79913
0.81949
1.2192
0.87039
0.8907499999999999
0.49373
0.8500300000000001
0.8042199999999999
0.87039
0.83985
0.84494
0.80931
0.8144
1.0332700000000001
0.8347600000000001
0.87039
0.79404
0.8754799999999999
0.67188
0.7227799999999999
0.79913
0.8347600000000001
0.63625
0.47336999999999996
0.54463
0.7431399999999999
0.78386
0.80931
0.79404
0.8907499999999999
0.9161999999999999
0.86021
0.80931
0.81949
0.86021
0.7126
0.8653000000000001
0.86021
0.49373
1.7272
0.7736799999999999
0.93656
0.6617
0.8907499999999999
0.87039
0.8754799999999999
0.56499
0.8042199999999999
0.8347600000000001
0.8144
0.8347600000000001
0.47336999999999996
0.8754799999999999
0.73805
0.66679
0.8042199999999999
0.8042199999999999
0.49373
0.82458
0.80931
0.47846
0.79913
0.79913
0.48864
0.7635
0.7889499999999999
0.6311599999999999
0.63625
0.79404
0.8653000000000001
0.7126
0.8653000000000001
0.78386
0.50391
0.48864
0.5599
1.1938
1.4681199999999999
0.95183
0.82458
0.48864
1.4071600000000002
0.8144
0.8042199999999999
0.65152
0.47846
0.83985
0.64134
0.8500300000000001
0.8653000000000001
1.53416
0.5242699999999999
0.6617
0.6769700000000001
0.80931
0.81949
0.84494
0.8347600000000001
0.57517
0.7584099999999999
0.80931
0.79404
0.47336999999999996
0.82458
0.58535
0.8500300000000001
0.78386
0.82967
0.74823
0.80931
0.56499
0.8500300000000001
0.63625
0.47846
0.79404
0.75332
0.7584099999999999
0.86021
0.48355
0.82967
0.8347600000000001
0.509
0.65661
0.84494
0.87039
0.8907499999999999
0.85512
0.48864
0.7075100000000001
0.79913
0.84494
0.85512
0.8856599999999999
0.80931
0.7126
0.8500300000000001
0.83985
0.7889499999999999
0.8144
0.7431399999999999
0.8347600000000001
0.62098
0.85512
0.81949
0.68206
0.81949
0.8653000000000001
0.83985
0.7889499999999999
0.78386
0.48355
0.70242
0.81949
0.8500300000000001
0.8042199999999999
0.84494
0.80931
0.68206
0.86021
0.84494
0.79913
0.7278699999999999
0.81949
0.8042199999999999
0.8042199999999999
0.49373
0.48864
1.018
0.81949
0.86021
0.49373
0.7889499999999999
0.48355
0.64134
0.8042199999999999
0.8042199999999999
0.81949
0.8907499999999999
0.49373
0.7176899999999999
0.79404
0.82458
0.48355
0.7889499999999999
0.83985
0.8347600000000001
0.82967
0.47336999999999996
0.94165
0.50391
0.55481
0.7889499999999999
0.8347600000000001
0.79404
0.8754799999999999
0.83985
0.76859
0.86021
0.79404
0.7889499999999999
0.48864
0.9009299999999999
0.6311599999999999
0.8347600000000001
0.7889499999999999
0.87039
0.82458
0.83985
0.68206
0.85512
0.65661
0.7889499999999999
0.46828
0.48864
0.7126
0.78386
0.8042199999999999
0.49373
0.8042199999999999
0.57008
0.88057
0.68206
0.8042199999999999
0.79913
0.67188
0.84494
0.83985
0.86021
0.509
0.47336999999999996
0.48355
0.5599
0.80931
0.80931
0.8500300000000001
0.48864
0.7227799999999999
0.65661
0.7431399999999999
0.82967
0.80931
0.46319
0.46828
0.7227799999999999
0.81949
0.86021
0.78386
0.48355
0.87039
0.78386
0.79913
0.62607
0.79913
0.73805
0.57008
0.85512
0.8042199999999999
0.79913
0.81949
0.53445
0.55481
0.78386
0.63625
0.509
0.47336999999999996
0.58535
1.8759000000000001
0.62607
0.79913
0.46828
0.46828
0.49882
0.95692
0.8653000000000001
0.79913
0.8144
0.48864
0.8144
0.70242
0.6769700000000001
0.79913
0.48355
0.8042199999999999
0.56499
0.7075100000000001
0.7889499999999999
0.6311599999999999
0.6006199999999999
0.8653000000000001
0.79404
0.62098
0.68206
0.64134
0.509
0.73805
0.66679
0.68206
0.79913
0.45809999999999995
0.49373
0.81949
0.6922400000000001
0.74823
0.47846
0.48864
0.78386
0.70242
0.68206
0.9161999999999999
0.86021
0.5242699999999999
0.55481
0.7635
0.3563
0.33594
0.39702
0.45300999999999997
0.63625
0.69733
0.68715
0.82967
0.77877
0.5293599999999999
0.74823
0.77877
0.87039
0.6617
0.48355
0.81949
0.82458
0.8042199999999999
0.79913
0.49373
0.82967
0.79913
1.04345
0.84494
0.9009299999999999
0.69733
0.9060199999999999
1.30048
0.84494
0.67188
0.47846
0.82458
0.70242
0.6311599999999999
0.80931
0.8500300000000001
0.65152
0.65152
0.7889499999999999
0.9467399999999999
0.79913
0.6922400000000001
0.78386
0.67188
0.49882
0.7075100000000001
0.89584
0.78386
0.47336999999999996
0.47846
0.56499
0.8856599999999999
0.81949
0.66679
0.85512
0.9060199999999999
0.7075100000000001
0.87039
0.47336999999999996
0.7889499999999999
0.82967
0.81949
0.65661
0.86021
0.7889499999999999
0.80931
0.8500300000000001
0.81949
0.67188
0.8042199999999999
0.79404
0.47336999999999996
0.80931
0.8042199999999999
0.74823
0.6769700000000001
0.79404
0.78386
0.79404
0.54463
0.81949
0.92638
0.81949
0.81949
0.48355
0.7278699999999999
0.79913
0.7889499999999999
0.49373
0.84494
0.81949
0.91111
0.81949
0.82458
0.79913
0.8347600000000001
0.48355
0.65152
0.86021
0.8042199999999999
0.8856599999999999
0.53445
0.48355
0.8907499999999999
0.80931
0.64134
0.8042199999999999
0.48355
0.9060199999999999
0.76859
0.64134
0.82967
0.46828
0.59044
0.58535
1.1684
0.7889499999999999
0.7889499999999999
0.46319
0.8144
0.7736799999999999
0.80931
0.8754799999999999
0.80931
0.47336999999999996
0.49373
0.9009299999999999
0.87039
0.7889499999999999
0.8653000000000001
0.47846
0.47336999999999996
0.9314699999999999
0.79404
0.8653000000000001
0.6311599999999999
0.48355
0.78386
0.59553
0.77877
0.7584099999999999
0.7736799999999999
0.39702
0.47846
0.7227799999999999
0.69733
0.37666
0.7584099999999999
0.76859
0.66679
0.70242
0.7584099999999999
0.6617
0.77877
0.4072
0.62607
0.70242
0.73296
0.8754799999999999
0.509
0.8042199999999999
0.66679
0.76859
0.7126
0.42756
0.73296
0.35121
0.60571
0.7126
0.7431399999999999
0.44792
0.75332
0.89584
0.6108
TEST #4
0.73296
0.7126
0.44792
0.44792
0.6922400000000001
1.3614400000000002
0.35121
0.7278699999999999
0.7126
0.77877
0.9212899999999999
0.69733
0.51409
0.6769700000000001
0.48355
0.3563
0.64134
0.70242
0.7227799999999999
0.79913
0.44282999999999995
0.79913
0.79913
0.73805
0.7126
0.35121
0.4233
0.81949
0.6006199999999999
0.7431399999999999
0.6922400000000001
0.33594
0.7635
0.50391
0.6006199999999999
0.7278699999999999
0.79404
0.78386
0.43773999999999996
0.7584099999999999
0.7126
0.68715
0.8347600000000001
0.8042199999999999
0.38175
0.57517
0.68206
0.7431399999999999
0.38683999999999996
0.39193
0.7889499999999999
0.5293599999999999
0.34103
0.38683999999999996
0.6922400000000001
0.78386
0.34612000000000004
0.73296
0.73805
0.73805
0.67188
0.44792
0.49373
0.78386
0.53445
0.76859
0.8144
0.50391
0.73805
0.8653000000000001
0.8042199999999999
0.47846
0.47336999999999996
0.49373
1.20904
0.85512
0.79913
0.87039
0.63625
0.83985
0.62607
0.81949
0.48355
0.82458
0.47336999999999996
0.89584
0.7176899999999999
0.62607
0.46828
0.85512
0.46319
0.47846
0.7176899999999999
0.8347600000000001
0.8144
0.6617
0.46828
0.54972
0.69733
0.79913
0.48355
0.8500300000000001
0.7889499999999999
0.5599
0.83985
0.7889499999999999
0.8653000000000001
0.5242699999999999
0.48355
0.79913
0.87039
0.80931
0.79913
0.47336999999999996
0.50391
0.81949
0.8144
0.8042199999999999
0.79913
0.51409
0.86021
0.75332
0.85512
0.83985
0.47336999999999996
0.7889499999999999
0.87039
0.70242
0.83985
0.81949
0.79404
0.78386
0.55481
1.0668
0.8042199999999999
0.79404
0.7889499999999999
0.84494
0.86021
0.8347600000000001
0.47336999999999996
0.79404
0.46319
0.49373
0.60571
0.8042199999999999
0.74823
0.6769700000000001
0.4072
0.45300999999999997
0.54463
0.70242
0.7126
0.7278699999999999
0.7736799999999999
0.36138999999999993
0.69733
0.76859
0.7431399999999999
0.46828
0.7736799999999999
0.44792
0.77877
0.51918
0.37666
0.45809999999999995
0.8042199999999999
0.64134
0.67188
0.7126
0.42247
0.76859
0.4072
0.63625
0.7278699999999999
0.73805
0.7278699999999999
0.7431399999999999
0.7889499999999999
0.60571
0.8653000000000001
0.8500300000000001
0.7635
0.78386
0.78386
0.62098
0.68715
0.3563
0.7227799999999999
0.42247
0.92638
0.68715
0.69733
0.68715
0.45300999999999997
0.64134
0.49373
0.59553
0.66679
0.3519
0.75332
0.46319
0.96201
0.8144
0.64643
0.77877
0.8347600000000001
0.39702
0.7736799999999999
0.75332
0.66679
0.33594
0.40210999999999997
0.46319
0.59044
0.7176899999999999
0.6769700000000001
0.82458
0.4072
0.82967
0.6158899999999999
0.57517
0.7227799999999999
0.33594
0.45300999999999997
0.47846
0.64134
0.6922400000000001
0.6922400000000001
0.77877
0.40210999999999997
0.7736799999999999
0.67188
0.8144
0.4072
0.62098
0.60571
0.68206
0.54972
0.67188
0.45300999999999997
0.49373
0.7736799999999999
0.7126
0.65152
0.51409
0.50391
0.56499
0.79913
0.7889499999999999
0.83985
0.48355
0.8653000000000001
0.7126
0.8907499999999999
0.86021
0.80931
0.7889499999999999
0.48355
0.64134
0.87039
0.46828
0.81949
0.50391
0.47336999999999996
0.7075100000000001
0.8042199999999999
0.79404
0.47846
0.85512
0.65661
0.70242
0.82458
0.64643
0.8500300000000001
0.8907499999999999
0.55481
0.89584
0.63625
0.84494
0.48864
0.48355
0.64643
0.79404
0.69733
0.85512
0.79913
0.8653000000000001
0.80931
0.82458
0.84494
0.7227799999999999
0.46828
0.83985
0.65661
0.80931
0.8347600000000001
0.82967
0.48864
0.87039
0.7176899999999999
0.84494
0.60571
0.48355
0.47336999999999996
0.9060199999999999
0.69733
0.6311599999999999
0.88057
0.79404
0.8500300000000001
0.57008
0.74823
0.46828
0.80931
0.48864
0.5242699999999999
0.7126
0.7889499999999999
0.7889499999999999
0.48864
0.86021
0.86021
0.8144
0.80931
0.8653000000000001
0.46828
0.67188
0.79404
0.84494
0.79913
0.86021
0.48355
0.5293599999999999
0.509
0.78386
0.79913
0.84494
0.48355
0.47336999999999996
0.54463
0.7889499999999999
0.7889499999999999
0.83985
0.82967
0.48355
0.57517
0.8856599999999999
0.6922400000000001
0.79913
0.8042199999999999
0.47336999999999996
0.8653000000000001
0.79913
0.84494
0.47336999999999996
0.81949
0.49373
0.64643
0.82458
0.78386
0.48355
0.49373
0.79404
0.6617
0.83985
1.10962
0.89584
0.68715
0.48864
0.77877
0.86021
1.3766800000000001
0.85512
0.48355
0.58026
1.1198
0.77877
0.87039
0.48355
0.82458
0.56499
0.8347600000000001
0.8347600000000001
0.8754799999999999
0.8144
0.49373
0.83985
0.77877
0.47846
0.79404
0.59044
0.9060199999999999
0.8144
0.48355
0.46319
0.50391
0.62607
0.9467399999999999
0.79913
0.82458
0.7889499999999999
0.8907499999999999
0.62098
0.79913
0.8144
0.81949
0.79404
0.7176899999999999
0.64134
0.85512
0.74823
0.49373
0.7075100000000001
0.80931
0.79913
0.87039
0.48355
0.49882
0.8042199999999999
0.8042199999999999
0.79913
0.8653000000000001
0.8144
0.78386
0.7126
0.82967
0.82458
0.48355
0.9212899999999999
0.47846
0.7176899999999999
0.82967
0.82967
0.86021
0.8347600000000001
0.55481
0.70242
0.62098
0.83985
0.79404
0.86021
0.7227799999999999
0.80931
0.8653000000000001
0.7889499999999999
0.8500300000000001
0.8500300000000001
0.95183
0.79404
0.8347600000000001
0.8347600000000001
0.79913
0.85512
0.6922400000000001
0.8500300000000001
0.79913
0.8754799999999999
0.48864
0.83985
0.67188
0.8042199999999999
0.73296
0.79913
0.48355
0.85512
0.7635
0.8144
0.75332
0.49373
0.48355
0.5599
0.98746
0.9060199999999999
0.83985
0.63625
0.6617
0.73296
0.81949
0.79404
0.8042199999999999
0.6311599999999999
0.84494
0.9060199999999999
0.82967
0.79404
0.47846
0.78386
0.79404
0.63625
0.82967
0.8042199999999999
0.49882
0.49373
0.49373
0.86021
0.79913
0.49882
0.85512
0.8042199999999999
0.51918
0.7736799999999999
0.8754799999999999
0.81949
0.82967
0.48355
0.74823
1.24968
0.64134
0.8042199999999999
0.84494
0.49882
0.56499
TEST #5
0.82458
0.80931
0.89584
0.48355
0.47846
0.63625
0.81949
0.85512
0.63625
0.7075100000000001
0.48864
0.8653000000000001
0.85512
0.9009299999999999
0.49373
0.9161999999999999
0.8907499999999999
0.75332
0.8144
0.77877
0.78386
0.47336999999999996
0.8856599999999999
0.7126
0.79913
0.47336999999999996
0.7889499999999999
0.8754799999999999
0.54972
0.8500300000000001
0.7889499999999999
0.79913
0.47336999999999996
0.7889499999999999
0.87039
0.86021
0.6006199999999999
0.62607
0.45300999999999997
0.49882
0.6311599999999999
0.8754799999999999
0.6311599999999999
0.8500300000000001
0.79913
0.48355
0.6922400000000001
0.8500300000000001
0.82967
0.8144
0.83985
0.79913
0.7227799999999999
0.7889499999999999
0.82458
0.48355
0.8144
1.4478
0.49373
0.49373
0.47336999999999996
0.82967
0.9314699999999999
0.8042199999999999
0.85512
0.80931
0.49882
0.84494
0.7126
0.79913
0.86021
0.7431399999999999
0.49373
0.57008
0.8653000000000001
0.82967
0.509
0.7889499999999999
0.95692
0.57008
0.9161999999999999
0.8856599999999999
0.8907499999999999
0.86021
0.7736799999999999
0.79913
0.8042199999999999
0.64134
0.46319
0.82458
0.9671
0.88057
0.47846
0.48355
0.6769700000000001
0.57517
0.8500300000000001
0.78386
0.89584
0.47336999999999996
0.79913
0.70242
0.84494
0.85512
0.9212899999999999
0.93656
0.73805
0.65661
2.11926
0.6158899999999999
0.86021
0.47846
0.82458
0.73805
0.8907499999999999
0.86021
0.48355
0.94165
0.49373
0.70242
0.82967
0.46319
0.46828
0.75332
0.56499
0.9009299999999999
0.76859
0.86021
0.7889499999999999
0.48355
0.63625
0.85512
0.78386
0.8144
0.82458
0.48864
0.82458
0.79913
0.86021
0.81949
0.48355
0.7889499999999999
0.6108
0.79913
0.68206
0.81949
0.78386
0.36138999999999993
0.8856599999999999
0.69733
0.77877
0.7176899999999999
0.40210999999999997
0.9314699999999999
0.63625
0.7227799999999999
0.58026
0.68715
0.4072
0.48355
1.143
0.6311599999999999
0.73296
0.42756
0.77877
0.42756
0.3366
0.69733
0.46828
0.4072
0.7736799999999999
0.7584099999999999
0.7635
0.68715
0.7736799999999999
0.46319
0.46828
0.9314699999999999
0.51409
0.75332
0.68206
0.77877
0.35121
0.74823
0.7278699999999999
0.7889499999999999
0.36138999999999993
0.45300999999999997
0.509
0.7635
0.6922400000000001
0.55481
0.37156999999999996
0.44792
0.6922400000000001
0.9314699999999999
0.68715
0.6158899999999999
0.68715
0.6311599999999999
0.7431399999999999
0.73296
0.7176899999999999
0.57517
0.82458
0.84494
0.86021
0.86021
0.79404
0.60571
0.7635
0.46828
0.64134
0.35121
0.67188
0.83985
0.8042199999999999
0.57517
0.70242
0.65661
0.7584099999999999
0.78386
0.39702
0.7889499999999999
0.92638
0.8042199999999999
0.9212899999999999
0.6311599999999999
0.46828
0.57008
0.85512
0.8653000000000001
0.48355
0.84494
0.51918
0.68715
0.87039
0.79913
0.82458
0.80931
0.80931
0.79913
0.7889499999999999
0.8754799999999999
0.9009299999999999
0.46828
0.47336999999999996
0.7889499999999999
0.84494
0.82967
0.84494
0.8042199999999999
0.5242699999999999
0.7176899999999999
0.8347600000000001
0.82967
0.82967
0.68715
0.54972
0.58535
0.83985
0.84494
0.62607
0.50391
0.87039
0.8347600000000001
0.8653000000000001
0.8754799999999999
0.82458
0.81949
0.83985
0.84494
0.64643
0.88057
0.89584
0.8347600000000001
0.7278699999999999
0.8042199999999999
0.6617
0.47846
0.63625
0.49373
0.7075100000000001
0.88057
0.48355
0.63625
0.79913
0.56499
0.8500300000000001
0.8042199999999999
0.79913
0.47336999999999996
0.47336999999999996
0.55481
0.86021
0.8500300000000001
0.65152
0.46319
0.83985
0.7126
0.8653000000000001
0.8500300000000001
0.81949
0.80931
0.46828
0.67188
0.78386
0.8500300000000001
0.8856599999999999
0.8347600000000001
0.8042199999999999
0.9161999999999999
0.7889499999999999
0.83985
0.91111
0.48864
0.51918
0.70242
0.86021
0.65661
0.79913
0.79913
0.75332
1.13507
0.78386
0.8042199999999999
0.46828
0.509
0.6922400000000001
0.78386
0.82967
0.84494
0.81949
0.47336999999999996
0.7126
0.80931
0.79404
0.47336999999999996
0.47336999999999996
0.46828
0.65152
0.8500300000000001
0.8347600000000001
0.8347600000000001
0.82967
0.63625
0.69733
0.7889499999999999
0.78386
0.46319
0.46319
0.76859
0.8042199999999999
0.80931
0.85512
0.5293599999999999
0.8754799999999999
0.60571
0.7889499999999999
0.7889499999999999
0.64643
0.78386
0.50391
0.98237
0.77877
0.8754799999999999
0.7889499999999999
0.6311599999999999
0.46828
0.64134
0.81949
0.84494
0.45809999999999995
0.82967
0.46828
0.88057
0.8144
0.79913
0.81949
0.60571
0.87039
0.88057
0.6311599999999999
0.6311599999999999
0.62098
0.8347600000000001
0.84494
0.91111
0.8347600000000001
0.47336999999999996
0.83985
0.7176899999999999
0.80931
0.69733
0.46828
0.64134
0.55481
0.7278699999999999
0.63625
0.79913
0.48355
0.84494
0.56499
0.79404
0.7889499999999999
0.8653000000000001
0.63625
0.63625
0.81949
0.78386
0.82967
0.46319
0.45300999999999997
0.509
0.6311599999999999
0.78386
0.46319
0.8347600000000001
0.46828
0.46828
0.70242
0.65661
0.78386
0.84494
0.47336999999999996
0.509
0.75332
0.7889499999999999
0.7889499999999999
0.80931
0.84494
0.54972
1.1226800000000001
0.62607
0.79913
0.79913
0.509
0.87039
0.81949
0.84494
0.8754799999999999
0.81949
0.79913
0.85512
0.82458
0.62607
0.46828
0.79913
0.8653000000000001
0.95183
0.79404
0.79404
0.78386
0.79404
0.79913
0.7075100000000001
0.82458
0.63625
0.62098
0.7889499999999999
0.55481
0.69733
0.8144
0.87039
0.89584
0.84494
0.6108
0.57517
0.81949
0.85512
0.79913
0.48864
0.64134
0.89584
0.87039
0.48355
0.47336999999999996
0.48355
0.80931
0.7889499999999999
0.46828
0.87039
0.81949
0.47336999999999996
0.69733
0.8347600000000001
0.6922400000000001
0.83985
0.45809999999999995
0.9060199999999999
0.7635
0.83985
0.8500300000000001
0.88057
0.85512
0.73296
0.89584
0.64643
0.84494
0.45809999999999995
0.63625
0.82967
0.81949
0.8653000000000001
0.8347600000000001
0.8500300000000001
0.8144
0.86021
0.82967
0.8144
0.49373
0.57008
0.92638
