TEST #1
0.60571
0.6108
0.60571
0.60571
1.03836
1.01291
0.8653000000000001
0.8754799999999999
0.9314699999999999
0.6108
0.6108
0.60571
0.60571
0.60571
0.6108
0.6158899999999999
0.6006199999999999
0.6158899999999999
0.6108
0.60571
0.6158899999999999
0.6108
0.6006199999999999
0.83985
0.79404
0.6108
0.6158899999999999
0.6108
0.6158899999999999
0.62607
0.60571
0.60571
0.6006199999999999
0.6108
0.6108
0.6158899999999999
0.60571
0.65661
0.60571
0.6006199999999999
0.6108
0.6158899999999999
0.59553
0.6108
0.6158899999999999
0.60571
0.6158899999999999
0.60571
0.6158899999999999
0.62607
0.63625
0.6108
0.60571
0.6068999999999999
0.6158899999999999
0.6006199999999999
0.6006199999999999
0.6158899999999999
0.60571
0.9314699999999999
0.6158899999999999
0.60571
0.62607
0.6158899999999999
0.6108
0.60571
0.60571
0.60571
0.6158899999999999
0.60571
0.6108
0.60571
0.6006199999999999
0.6158899999999999
0.6006199999999999
0.62098
0.6108
0.6006199999999999
0.60571
0.6108
0.60571
0.6158899999999999
0.6108
0.60571
0.60571
0.6006199999999999
0.6108
0.6108
0.6006199999999999
0.6108
0.6108
0.60571
0.6108
0.6006199999999999
0.60571
0.60571
0.63625
0.6171
0.6158899999999999
0.6006199999999999
0.6158899999999999
0.6158899999999999
0.6006199999999999
0.60571
0.6006199999999999
0.60571
1.018
0.6108
0.6108
0.6617
0.80931
0.6108
0.6006199999999999
0.60571
0.62607
0.6006199999999999
0.6108
0.60571
0.6006199999999999
0.6158899999999999
0.6006199999999999
0.60571
0.60571
0.6158899999999999
0.6108
0.6108
0.6006199999999999
0.64643
0.6158899999999999
0.612
0.6108
0.60571
0.60571
0.60571
0.60571
0.6158899999999999
0.60571
0.62098
0.6108
0.6108
0.60571
1.99136
0.60571
0.8144
0.60571
0.8754799999999999
0.6108
0.79913
0.6108
0.6108
0.6311599999999999
0.6006199999999999
0.6108
0.60571
0.64134
0.64643
0.6158899999999999
1.0841699999999999
0.6171
0.60571
0.6108
0.6108
0.93656
0.6158899999999999
0.6006199999999999
0.6006199999999999
0.59553
0.6108
0.60571
0.63625
0.6108
0.6311599999999999
0.6158899999999999
0.62098
0.60571
0.6108
0.6006199999999999
0.6006199999999999
0.6171
0.6006199999999999
0.60571
0.6108
0.64134
0.60571
0.6108
0.6108
0.60571
0.60571
0.60571
0.6108
0.6006199999999999
0.6108
0.6108
0.6108
0.6311599999999999
0.6006199999999999
0.60571
0.62098
0.6006199999999999
0.6108
0.6158899999999999
0.60571
0.6108
0.6158899999999999
0.6006199999999999
0.81949
0.6006199999999999
0.60571
1.42011
0.6006199999999999
0.60571
0.6158899999999999
0.60571
0.96201
0.6006199999999999
0.60571
0.60571
0.6006199999999999
0.6108
0.6108
0.60571
0.60571
0.6108
0.60571
0.6108
0.6108
0.60571
0.6108
0.63625
0.6158899999999999
0.62098
0.60571
0.62098
0.6158899999999999
0.60571
0.6158899999999999
0.60571
0.6108
0.6158899999999999
0.60571
0.62098
0.65152
0.62607
0.6158899999999999
0.60571
0.6006199999999999
0.6158899999999999
0.60571
0.60571
0.6108
0.6006199999999999
0.6158899999999999
0.62098
0.62607
0.6108
0.60571
0.6158899999999999
0.6108
0.60571
0.63625
0.60571
0.60571
0.6158899999999999
0.6108
0.6108
0.60571
0.6108
0.60571
0.6108
0.6158899999999999
0.6108
0.6108
0.6006199999999999
0.6108
0.60571
0.60571
0.6108
0.6108
0.6108
0.60571
0.6158899999999999
0.6158899999999999
0.6158899999999999
0.6158899999999999
0.6006199999999999
0.60571
0.60571
0.6311599999999999
0.6108
0.6108
0.6108
0.60571
0.6108
0.6006199999999999
0.6108
0.6108
0.60571
0.6108
0.6108
0.62098
0.65661
0.60571
0.6006199999999999
0.60571
0.6108
0.60571
0.62098
0.6006199999999999
0.62098
0.6108
0.60571
0.95692
0.60571
0.60571
0.6108
0.9467399999999999
0.6108
0.6158899999999999
0.6006199999999999
0.6108
0.6158899999999999
0.6108
0.6108
0.60571
0.60571
0.6158899999999999
0.6006199999999999
0.6108
0.6108
0.6006199999999999
0.6158899999999999
0.6108
0.62607
0.60571
0.60571
0.6108
0.63625
0.6006199999999999
0.60571
0.6108
0.60571
0.6108
0.6108
0.60571
0.6108
0.6006199999999999
0.6922400000000001
0.60571
0.6108
0.6108
0.6108
0.6006199999999999
0.60571
0.6108
0.6006199999999999
0.60571
0.6108
0.62607
0.6108
0.64134
0.6108
0.60571
0.9212899999999999
0.6158899999999999
0.6108
0.6158899999999999
0.94165
0.60571
0.6158899999999999
0.96201
0.9212899999999999
0.6108
0.6017999999999999
0.60571
0.60571
0.60571
0.6158899999999999
0.6108
0.6006199999999999
0.60571
0.60571
0.60571
0.62098
0.6006199999999999
0.6108
0.6108
0.6006199999999999
0.6108
0.6108
0.6108
0.60571
0.6108
0.6108
0.6158899999999999
0.5967
0.60571
0.6108
0.6006199999999999
0.60571
0.6108
0.6006199999999999
0.6158899999999999
0.60571
0.60571
0.6108
0.64134
0.64643
0.60571
0.60571
0.6158899999999999
0.6006199999999999
0.6108
0.6158899999999999
0.93656
0.8042199999999999
0.6158899999999999
0.6006199999999999
0.6617
0.63625
0.6108
0.6108
0.60571
0.60571
0.6006199999999999
0.6108
0.6158899999999999
0.60571
0.6108
0.6158899999999999
0.6006199999999999
0.6158899999999999
0.60571
0.60571
0.6158899999999999
0.7126
0.60571
0.60571
0.6006199999999999
0.6108
0.6108
0.60571
0.60571
0.6158899999999999
0.60571
0.6158899999999999
0.60571
0.6108
0.6006199999999999
0.6108
0.6158899999999999
0.6108
0.6108
0.6108
0.6006199999999999
0.6158899999999999
0.6158899999999999
0.6108
0.6158899999999999
0.6108
0.60571
0.6108
0.6006199999999999
0.60571
0.6158899999999999
1.01291
0.62098
0.60571
0.6158899999999999
0.65661
0.95183
0.60571
0.60571
0.6108
0.6158899999999999
0.59553
0.6108
0.6108
0.60571
0.64643
0.6158899999999999
0.6006199999999999
0.6158899999999999
0.60571
0.60571
0.60571
0.6108
0.6108
0.59553
0.6108
0.6006199999999999
0.60571
0.62098
0.63625
0.6108
0.60571
0.6006199999999999
0.6108
0.60571
0.6108
0.6158899999999999
0.6108
0.62098
0.6006199999999999
0.59553
0.63625
0.63625
0.6108
0.6158899999999999
0.59553
0.6108
0.6158899999999999
0.6108
0.6108
TEST #2
0.6006199999999999
0.59553
0.95692
0.92638
0.95183
0.60571
0.6158899999999999
0.6108
0.6108
0.6006199999999999
0.60571
0.80931
0.60571
0.6158899999999999
0.60571
0.6006199999999999
0.6108
0.59553
0.6158899999999999
0.60571
0.6108
0.6006199999999999
0.60571
0.77877
0.6006199999999999
0.6158899999999999
0.6006199999999999
0.6006199999999999
0.6108
0.6006199999999999
0.6108
0.6108
0.60571
0.6158899999999999
0.62098
0.59553
0.60571
0.6006199999999999
0.6006199999999999
0.6108
0.6006199999999999
0.6006199999999999
0.60571
0.6108
0.62607
0.6108
0.6006199999999999
0.6006199999999999
0.6006199999999999
0.60571
0.6108
0.59553
0.6108
1.0027300000000001
0.93656
0.6108
0.5967
0.65661
0.6158899999999999
0.60571
0.6006199999999999
0.62098
0.6006199999999999
0.6108
0.65661
0.60571
0.60571
0.60571
0.6108
0.6108
0.6108
0.6108
0.6108
0.6006199999999999
0.6108
0.6108
0.6108
0.63625
0.60571
0.60571
0.6158899999999999
0.60571
0.6108
0.6108
0.60571
0.6158899999999999
0.6108
0.59044
0.6108
0.63625
0.6006199999999999
0.6108
0.6006199999999999
0.6158899999999999
0.6108
0.6006199999999999
0.6158899999999999
0.60571
0.6006199999999999
0.6108
0.60571
0.6108
0.6108
0.6017999999999999
1.3743
1.018
0.6006199999999999
0.6108
0.6006199999999999
0.60571
0.6158899999999999
0.60571
0.6108
0.6158899999999999
0.6006199999999999
0.6158899999999999
0.60571
0.6006199999999999
0.6158899999999999
0.6108
0.60571
0.62098
0.60571
0.62098
0.6108
0.6006199999999999
0.6108
0.6108
0.6006199999999999
0.60571
0.6006199999999999
0.6108
0.6108
0.6006199999999999
0.6158899999999999
0.63625
0.63625
0.60571
0.60571
0.60571
0.6006199999999999
0.6006199999999999
0.6108
0.60571
0.6108
0.6108
0.6006199999999999
0.60571
0.62098
0.60571
0.6158899999999999
0.95183
0.59553
0.62098
0.60571
0.6108
0.6108
0.63625
0.60571
0.6108
0.60571
0.64134
0.6158899999999999
0.60571
0.60571
0.59553
0.6311599999999999
0.6108
0.6006199999999999
0.6108
0.6108
0.6006199999999999
0.62098
0.6158899999999999
0.60571
0.60571
0.6006199999999999
0.6006199999999999
0.6108
0.6108
0.6108
0.60571
0.6311599999999999
0.60571
0.6108
0.59553
0.6006199999999999
0.6006199999999999
0.60571
0.6006199999999999
0.6006199999999999
0.6108
0.6108
0.6006199999999999
0.63625
0.64134
0.6006199999999999
0.6158899999999999
0.6006199999999999
0.6006199999999999
0.60571
0.6006199999999999
0.60571
0.60571
0.6006199999999999
0.6108
0.60571
0.95183
0.95692
0.6006199999999999
0.6108
0.95692
0.6006199999999999
0.6108
0.60571
0.6006199999999999
0.60571
0.6108
0.6158899999999999
0.60571
0.60571
0.6158899999999999
0.60571
0.60571
0.6158899999999999
0.6006199999999999
0.6108
0.60571
0.6006199999999999
0.6108
0.62098
0.60571
0.62098
0.60571
0.6006199999999999
0.62098
0.6006199999999999
0.6108
0.6108
0.6006199999999999
0.6158899999999999
0.6311599999999999
0.6108
0.6108
0.6006199999999999
0.60571
0.60571
0.59553
0.6108
0.6158899999999999
0.6006199999999999
0.60571
0.6108
0.6158899999999999
0.6158899999999999
0.60571
0.6158899999999999
0.6006199999999999
0.95692
0.94165
0.6108
0.6108
0.6006199999999999
0.6108
0.6108
0.6108
0.6108
0.64134
0.6108
0.60571
0.60571
0.60571
0.6006199999999999
0.60571
0.6158899999999999
0.6108
0.60571
0.60571
1.64407
1.03836
1.07399
1.018
1.02818
1.02818
1.02818
1.02818
1.02309
1.02309
0.60571
0.6158899999999999
0.6158899999999999
1.5778999999999999
1.0332700000000001
1.03836
1.02309
1.02309
0.7176899999999999
0.60571
0.6108
0.60571
0.6108
0.6158899999999999
0.6108
0.60571
0.6158899999999999
0.6006199999999999
0.6006199999999999
0.6108
0.6108
0.9314699999999999
0.6158899999999999
0.6006199999999999
0.6158899999999999
0.81949
0.63625
0.62098
0.6108
0.60571
0.6108
0.60571
0.60571
0.62098
0.60571
0.6158899999999999
0.60571
0.6006199999999999
0.62607
0.64643
0.6108
0.6108
0.96201
0.6108
0.60571
0.60571
0.6158899999999999
0.6006199999999999
0.60571
0.60571
0.6108
0.60571
0.6108
0.60571
0.60571
0.6006199999999999
0.60571
0.6158899999999999
0.6006199999999999
0.6108
0.6108
0.6006199999999999
0.6108
0.6108
0.60571
0.60571
0.60571
0.6171
0.60571
0.6006199999999999
0.60571
0.6158899999999999
1.58808
0.6311599999999999
0.60571
0.60571
0.6108
0.60571
0.6158899999999999
0.6108
0.6108
0.6108
0.6006199999999999
0.60571
0.6108
0.65661
0.62098
0.6108
0.6006199999999999
0.62098
0.62098
0.6006199999999999
0.6108
0.6006199999999999
0.6006199999999999
0.60571
0.60571
0.6108
0.63625
0.59553
0.6108
0.60571
0.60571
0.60571
0.6006199999999999
0.60571
0.6108
0.59553
0.6108
0.6108
0.60571
0.60571
0.6108
0.6006199999999999
0.6158899999999999
0.6108
0.60571
0.60571
0.60571
0.6108
0.6108
0.6006199999999999
0.6108
0.6006199999999999
0.7736799999999999
0.6108
0.6108
0.6108
0.93656
0.60571
0.6108
0.6006199999999999
0.62607
0.6158899999999999
0.60571
0.6158899999999999
0.6108
0.64134
0.6108
0.60571
0.6006199999999999
0.6108
0.60571
0.60571
0.63625
0.65661
0.6108
0.62098
0.6006199999999999
0.6158899999999999
0.6006199999999999
0.60571
0.6108
0.60571
0.60571
0.6158899999999999
0.6006199999999999
0.6311599999999999
0.59553
0.59553
0.6108
0.60571
0.6158899999999999
0.6108
0.60571
0.6158899999999999
0.6108
0.6006199999999999
0.60571
0.6006199999999999
0.79404
0.6108
0.60571
0.6108
0.6108
0.93656
0.92638
0.60571
0.60571
0.7736799999999999
0.6108
0.60571
0.6108
0.6006199999999999
0.6158899999999999
0.60571
0.6108
0.6158899999999999
0.60571
0.9161999999999999
0.6158899999999999
0.64134
0.60571
0.6108
0.60571
0.60571
0.60571
0.60571
0.6311599999999999
0.60571
0.60571
0.6108
0.6108
0.6158899999999999
0.6311599999999999
0.59553
0.60571
0.6006199999999999
0.6158899999999999
0.6158899999999999
0.59553
0.6108
0.6108
0.6108
0.6108
0.60571
0.6006199999999999
0.62098
0.60571
0.6158899999999999
0.6158899999999999
0.60571
0.6108
0.60571
1.4862799999999998
TEST #3
1.2012399999999999
1.21651
1.18597
1.2725
1.2572299999999998
1.04345
1.0332700000000001
0.6006199999999999
0.7278699999999999
0.60571
0.79913
0.6158899999999999
0.80931
0.62607
0.6108
0.60571
0.6108
0.6158899999999999
0.6006199999999999
0.6108
0.60571
0.6006199999999999
0.78386
0.6006199999999999
0.6158899999999999
0.65152
0.6006199999999999
0.6108
0.6108
0.6006199999999999
0.6108
0.6006199999999999
0.6006199999999999
0.6108
0.6006199999999999
0.6311599999999999
1.3234
1.5422699999999998
1.1961499999999998
1.3234
0.6108
0.6006199999999999
0.6158899999999999
0.6158899999999999
1.0332700000000001
1.4150200000000002
1.3844800000000002
1.4150200000000002
0.6108
0.6108
0.93656
0.68715
0.63625
0.6108
0.6108
0.60571
0.95692
0.9467399999999999
0.6006199999999999
0.64134
0.6158899999999999
0.6158899999999999
0.6108
0.60571
0.60571
0.60571
0.6108
0.60571
0.6108
0.6158899999999999
0.6006199999999999
0.6006199999999999
0.6158899999999999
0.60571
0.60571
0.6006199999999999
0.60571
0.64134
0.60571
0.6158899999999999
0.6108
0.60571
0.6158899999999999
0.6108
0.6006199999999999
0.6006199999999999
0.59553
0.60571
0.6108
0.60571
0.6006199999999999
0.60571
0.60571
0.6006199999999999
0.60571
0.6108
0.60571
0.6108
0.60571
0.6006199999999999
0.6108
0.60571
0.60571
0.66679
0.6006199999999999
0.77877
0.6158899999999999
0.60571
0.62098
0.6158899999999999
0.60571
0.6158899999999999
0.6006199999999999
0.62098
0.6006199999999999
0.60571
0.6158899999999999
0.6108
0.6158899999999999
0.60571
0.6006199999999999
0.60571
0.6006199999999999
0.6108
0.6158899999999999
0.6158899999999999
0.6108
0.6108
0.6006199999999999
0.6617
0.6006199999999999
0.60571
0.612
0.60571
0.6108
0.6108
0.60571
0.6108
0.6108
0.60571
0.60571
0.60571
0.6108
0.60571
0.6006199999999999
0.6158899999999999
0.6006199999999999
0.6158899999999999
0.60571
0.62098
0.60571
0.60571
0.6158899999999999
1.4557399999999998
0.98237
1.0841699999999999
0.6108
0.60571
0.95692
0.6108
0.62607
0.6006199999999999
0.6108
0.6158899999999999
0.6006199999999999
0.6158899999999999
0.59553
0.60571
0.66679
0.62098
0.62098
0.60571
0.6108
0.60571
0.6006199999999999
0.6108
0.60571
0.6006199999999999
0.60571
0.6158899999999999
0.6006199999999999
0.6617
0.6158899999999999
0.60571
0.6108
0.6006199999999999
0.6108
0.6108
0.6108
0.6311599999999999
0.6311599999999999
0.6006199999999999
0.6108
0.60571
0.64643
0.6108
0.6006199999999999
0.6158899999999999
0.6158899999999999
0.60571
0.6158899999999999
0.6006199999999999
0.60571
0.9467399999999999
0.8500300000000001
0.6108
0.69733
0.99255
0.65661
0.6108
0.6108
0.60571
0.6158899999999999
0.6108
0.60571
0.6108
0.60571
0.60571
0.6158899999999999
0.60571
0.62607
0.62098
0.60571
0.62098
0.6108
0.6006199999999999
0.6158899999999999
0.60571
0.6108
0.62098
0.60571
0.60571
0.6158899999999999
0.60571
0.6158899999999999
0.60571
0.6006199999999999
0.62098
0.62607
0.60571
0.6158899999999999
0.60571
0.6108
0.60571
0.6006199999999999
0.6006199999999999
0.6006199999999999
0.6006199999999999
0.60571
0.6006199999999999
0.76859
0.6158899999999999
0.6006199999999999
0.6108
0.64134
0.62607
0.6158899999999999
0.6108
0.60571
0.62098
0.6158899999999999
0.60571
0.60571
0.6006199999999999
0.6158899999999999
0.62098
0.6108
0.64134
0.60571
0.6158899999999999
0.60571
0.6108
0.6006199999999999
0.6108
0.6108
0.6108
0.6158899999999999
0.6108
0.60571
0.6108
0.63625
0.63625
0.6108
0.6006199999999999
0.6108
0.60571
0.6006199999999999
0.62098
0.6006199999999999
0.6006199999999999
0.6108
0.6006199999999999
0.6108
0.65661
0.60571
0.6006199999999999
0.6158899999999999
0.6006199999999999
0.62098
0.60571
0.60571
0.6158899999999999
0.6006199999999999
0.6108
0.6158899999999999
0.6108
0.6311599999999999
0.60571
0.6006199999999999
0.6108
0.6108
0.95183
0.6158899999999999
0.60571
0.6006199999999999
0.6108
0.60571
0.6108
0.6006199999999999
0.60571
0.6006199999999999
0.60571
0.6108
0.6108
0.6158899999999999
0.6108
0.6108
0.6158899999999999
0.6108
0.60571
0.60571
0.60571
0.6006199999999999
0.6108
0.6108
0.60571
0.7126
0.6158899999999999
0.6158899999999999
0.6311599999999999
0.64134
0.6108
0.60571
0.6006199999999999
0.6108
0.60571
0.60571
0.6108
0.60571
0.6158899999999999
0.6108
0.6108
0.6158899999999999
0.7889499999999999
0.6006199999999999
0.6158899999999999
0.60571
0.60571
0.6158899999999999
0.6108
0.62607
0.6158899999999999
0.9314699999999999
0.6158899999999999
0.6006199999999999
0.6006199999999999
0.6158899999999999
0.60571
0.6108
0.6158899999999999
0.60571
0.6158899999999999
0.60571
0.6108
0.62607
0.6158899999999999
0.60571
0.6158899999999999
0.6006199999999999
0.62098
0.60571
0.6006199999999999
0.6108
0.60571
0.6108
0.6158899999999999
0.63625
0.65661
0.6108
0.6158899999999999
0.60571
0.60571
0.60571
0.60571
0.6108
0.6158899999999999
0.60571
0.6108
0.60571
0.6108
0.62098
0.6006199999999999
0.6108
0.60571
0.60571
0.6158899999999999
0.6006199999999999
0.6006199999999999
0.6158899999999999
0.95692
0.6108
0.6158899999999999
0.60571
0.6108
0.65661
0.60571
0.6108
0.6006199999999999
0.60571
0.60571
0.6108
0.6006199999999999
0.6108
0.62607
0.60571
0.6108
0.6108
0.60571
0.6108
0.6108
0.6158899999999999
0.6158899999999999
0.6006199999999999
0.6108
0.62098
0.6108
0.64643
0.6006199999999999
0.6108
0.60571
0.6108
0.81949
0.80931
0.6108
0.6108
0.60571
0.62098
0.6108
0.60571
0.60571
0.6006199999999999
0.6108
0.62098
0.6006199999999999
0.6108
0.60571
0.6158899999999999
0.6108
0.6006199999999999
0.6108
0.9314699999999999
0.6108
0.60571
0.6158899999999999
0.95183
0.95183
0.6108
0.6006199999999999
0.62098
0.60571
0.64643
0.6158899999999999
0.60571
0.6158899999999999
0.6108
0.54972
0.54463
0.55481
0.53954
0.55481
0.54972
0.5599
0.54463
0.54463
0.54463
0.53954
0.54972
0.53954
0.54463
0.54972
0.54463
0.54972
0.54463
0.54463
0.54463
0.54463
0.58535
0.54463
0.5457
0.54463
0.54972
0.54463
0.55481
0.54463
0.54463
0.55481
0.54463
0.55481
0.55481
0.57517
0.54972
TEST #4
0.98237
0.80931
0.54972
0.53954
0.8856599999999999
0.55481
0.54463
0.5599
0.57008
0.7278699999999999
0.54972
0.54463
0.54463
0.54463
0.53954
0.55481
0.55481
0.53954
0.53954
0.54463
0.55481
0.87039
0.54463
0.54463
0.55481
0.53445
0.54972
0.53445
0.54463
0.54463
0.53445
0.54972
0.6006199999999999
0.5457
0.54463
0.53954
0.53954
0.54972
0.53954
0.54972
0.54972
0.53954
0.54972
0.55481
0.53445
0.58026
0.53445
0.53954
0.54972
0.53954
0.54463
0.97219
0.53954
0.53954
0.53954
0.53954
0.86021
0.54972
0.54972
0.53954
0.53954
0.54972
0.53954
0.53954
0.54463
0.53954
0.54463
0.57517
0.54972
0.54463
0.54972
0.54972
0.53954
0.54463
0.54463
0.53954
0.5559
0.54463
0.54463
0.54972
0.58026
0.53954
0.55481
0.54463
0.54972
0.54972
0.53954
0.55481
0.55481
0.53954
0.54463
0.54463
0.54972
0.54972
0.54972
0.5599
0.54463
0.54972
0.54463
0.53445
0.54463
0.54463
0.54463
0.95692
0.54463
0.53954
0.54972
0.87039
0.54463
0.54972
0.53954
0.53954
0.54972
0.53954
0.57008
0.54463
0.54463
0.55481
0.54972
0.53954
0.54972
0.5457
0.54972
0.54972
0.5406
0.54463
0.58026
0.5599
0.55481
0.54463
0.54463
0.55481
0.54972
0.54463
0.55481
0.53954
0.54463
0.54972
1.0587199999999999
0.59553
0.54463
0.54972
0.54972
0.54463
0.55481
0.54972
0.53954
0.55481
0.5508
0.54463
0.55481
0.56499
0.55481
0.74823
0.87039
0.5599
0.55481
0.54463
0.87039
0.54972
0.55481
0.54972
0.53954
0.54972
0.54972
0.54463
0.55481
0.54463
0.53954
0.54463
0.54463
0.54463
0.54972
0.54972
0.54463
0.54463
0.54463
0.54972
0.54463
0.54463
0.55481
0.54463
0.55481
0.54463
0.54463
0.53954
0.54463
0.54972
0.53954
0.54972
0.54972
0.54972
0.54972
0.53954
0.54463
0.5599
0.54463
0.55481
0.54972
0.57517
0.55481
0.54463
0.53954
0.54972
0.54972
0.57517
0.54972
0.53445
0.54972
0.88057
0.55481
0.5508
0.58535
0.54463
0.55481
0.5406
0.54972
0.54972
0.54463
0.54972
0.54972
0.53954
0.54972
0.54463
0.53954
0.5599
0.53954
0.54972
0.5599
0.54463
0.57517
0.5457
0.54463
0.53954
0.54463
0.55481
0.54972
0.53954
0.5762999999999999
0.54463
0.54972
0.53954
0.54463
0.55481
0.53445
0.55481
0.54463
0.53954
0.54463
0.53954
0.55481
0.7227799999999999
0.5406
0.54972
0.54972
0.54463
0.9009299999999999
0.54972
0.53954
0.54972
0.85512
0.6108
0.55481
0.54463
0.5711999999999999
0.54463
0.53954
0.54972
0.54463
0.54463
0.54972
0.53445
1.31322
0.95692
0.53954
0.54972
2.032
0.96201
0.97219
0.63625
0.55481
0.54463
0.53954
0.55481
0.56499
0.97219
0.9671
0.82458
0.81949
0.55481
0.54972
0.55481
0.5457
0.54463
0.54463
0.54463
0.54463
0.57517
0.53954
0.54972
0.54972
0.54463
0.54972
0.54972
0.53954
0.54972
0.54972
0.53954
0.5457
0.53954
0.54463
0.9060199999999999
0.8856599999999999
0.54463
0.54463
0.5406
0.54972
0.53954
0.54972
0.54463
0.53954
0.54972
0.54972
0.53954
0.54972
0.54463
0.54463
0.5599
0.7278699999999999
0.54463
0.55481
0.57517
0.54972
0.54972
0.53954
0.54972
0.53954
0.54972
0.55481
0.53954
0.55481
0.53954
0.54972
0.53954
0.54972
0.54972
0.54463
0.55481
0.5599
0.54463
0.54972
0.53954
0.53954
0.54972
0.54463
0.55481
0.54972
0.58535
0.9009299999999999
0.54972
0.54463
0.54463
0.88057
0.8907499999999999
0.55481
0.86021
0.54463
0.54463
0.54972
0.5406
0.54463
0.54972
0.54463
0.54463
0.53954
0.53954
0.54972
0.54972
0.53445
0.55481
0.54463
0.54972
0.55481
0.57517
0.54463
0.55481
0.53954
0.55481
0.54463
0.96201
0.97728
0.96201
0.97728
0.97219
0.60571
0.63625
0.83985
0.8042199999999999
0.60571
0.93656
0.60571
0.62098
0.6006199999999999
0.6108
0.6108
0.60571
0.6108
0.62607
0.6311599999999999
0.6108
0.60571
0.60571
0.6158899999999999
0.60571
0.64134
0.60571
0.6108
0.6108
0.62607
0.6108
0.6108
0.60571
0.6006199999999999
0.6311599999999999
0.60571
0.6108
0.60571
0.6006199999999999
0.6158899999999999
0.6108
0.6311599999999999
0.6108
0.60571
0.60571
0.6311599999999999
0.60571
0.6158899999999999
0.62098
0.6108
0.6158899999999999
0.6108
0.60571
0.6108
0.60571
0.6158899999999999
0.60571
0.6158899999999999
0.60571
0.60571
0.60571
0.6006199999999999
0.60571
0.6158899999999999
0.6006199999999999
0.6158899999999999
0.6108
0.60571
0.6158899999999999
0.60571
0.60571
0.95183
0.60571
0.6108
0.62098
0.95183
0.77877
0.6158899999999999
0.60571
0.63625
0.60571
0.6006199999999999
0.6006199999999999
0.60571
0.60571
0.6158899999999999
0.6006199999999999
0.6108
0.6108
0.60571
0.6158899999999999
0.65152
0.6006199999999999
0.6158899999999999
0.60571
0.60571
0.6158899999999999
0.6006199999999999
0.6108
0.6108
0.612
0.60571
0.6158899999999999
0.62098
0.6006199999999999
0.60571
0.6108
0.6108
0.62607
0.60571
0.60571
0.6158899999999999
0.60571
0.6108
0.6108
0.60571
0.6108
0.6158899999999999
0.6108
0.65661
0.6108
0.60571
0.81949
TEST #5
0.8042199999999999
0.9314699999999999
0.6108
0.60571
0.6108
0.6108
0.64134
0.8144
0.9314699999999999
0.60571
0.6158899999999999
0.6158899999999999
0.6108
0.6158899999999999
0.60571
0.6158899999999999
0.6108
0.6006199999999999
0.6158899999999999
0.64643
0.77877
0.6108
0.6158899999999999
0.6158899999999999
0.6158899999999999
0.6108
0.6108
0.60571
0.6158899999999999
0.62607
0.6006199999999999
0.6006199999999999
0.6108
0.60571
0.6158899999999999
0.6108
0.6108
0.6006199999999999
0.60571
0.6108
0.60571
0.6158899999999999
0.6108
0.60571
0.62607
0.65661
0.6108
0.6158899999999999
0.60571
0.60571
0.95692
0.95183
0.6108
0.6171
0.9212899999999999
0.6108
0.62098
0.6158899999999999
0.64643
0.6108
0.6006199999999999
0.6158899999999999
0.6006199999999999
0.6158899999999999
0.6108
0.60571
0.6158899999999999
0.6158899999999999
0.60571
0.6158899999999999
0.6108
0.60571
0.62098
0.60571
0.60571
0.6108
0.6006199999999999
0.62098
0.62098
0.60571
0.60571
0.60571
0.6158899999999999
0.62098
0.6108
0.6158899999999999
0.6108
0.6006199999999999
0.62098
0.6158899999999999
0.6006199999999999
0.62607
0.6108
0.60571
0.6158899999999999
0.6158899999999999
0.6108
0.6108
0.60571
0.6158899999999999
0.6006199999999999
0.95183
0.60571
0.6158899999999999
0.62098
0.9212899999999999
0.98746
0.60571
0.60571
0.6108
0.60571
0.6108
0.6108
0.60571
0.6108
0.62098
0.60571
0.65152
0.6108
0.60571
0.62098
0.6108
0.7889499999999999
0.6108
0.6108
0.6171
0.6158899999999999
0.6158899999999999
0.60571
0.6006199999999999
0.6158899999999999
0.6006199999999999
0.6108
0.6158899999999999
0.60571
0.6108
0.6006199999999999
0.6006199999999999
0.6158899999999999
0.60571
0.6108
0.6158899999999999
0.60571
0.6311599999999999
0.6006199999999999
0.60571
0.60571
0.6006199999999999
0.60571
0.62098
0.6108
0.6158899999999999
0.95692
0.6108
0.6006199999999999
0.6108
0.6158899999999999
0.65152
0.6311599999999999
0.62607
0.6108
0.6108
0.6617
0.6158899999999999
0.62098
0.60571
0.62098
0.60571
0.6108
0.62607
0.6158899999999999
0.60571
0.6158899999999999
0.60571
0.60571
0.6108
0.6006199999999999
0.6108
0.60571
0.60571
0.60571
0.60571
0.6158899999999999
0.6158899999999999
0.6108
0.60571
0.60571
0.6158899999999999
0.60571
0.60571
0.6108
0.60571
0.60571
0.6108
0.6108
0.63625
0.62098
0.6006199999999999
0.6108
0.6006199999999999
0.6006199999999999
0.6158899999999999
0.6108
0.96201
0.62607
0.60571
0.60571
0.6108
0.6158899999999999
0.60571
0.60571
0.6108
0.6108
0.6158899999999999
0.63625
0.6108
0.6158899999999999
0.60571
0.60571
0.6108
0.6108
0.6311599999999999
0.6108
0.60571
0.62098
0.6158899999999999
0.6108
0.60571
0.60571
0.6108
0.6158899999999999
0.6108
0.6108
0.60571
0.6108
0.60571
0.62607
0.74823
0.95183
0.6158899999999999
0.6158899999999999
0.60571
0.62098
0.60571
0.6006199999999999
0.60571
0.60571
0.62098
0.6108
0.6108
0.62607
0.6158899999999999
0.6108
1.36412
0.60571
0.60571
0.6108
0.60571
0.9467399999999999
0.64134
0.6108
0.6158899999999999
0.6108
0.6108
0.6158899999999999
0.60571
0.6006199999999999
0.60571
0.6108
0.6108
0.6158899999999999
0.60571
0.64134
0.6108
0.64134
0.6158899999999999
0.6108
0.6006199999999999
0.6158899999999999
0.6108
0.6158899999999999
0.6108
0.60571
0.6108
0.62607
0.6068999999999999
0.6158899999999999
0.60571
0.60571
0.6108
0.6108
0.6108
0.6108
0.6006199999999999
0.6108
0.6158899999999999
0.6108
0.6158899999999999
0.60571
0.60571
0.6311599999999999
0.6108
0.60571
0.6108
0.60571
0.6108
0.6108
0.60571
0.6108
0.93656
0.612
0.62098
0.6158899999999999
0.62098
0.6171
0.60571
0.62098
0.6108
0.63625
0.60571
0.60571
0.6158899999999999
0.6108
0.6108
0.6108
0.62098
0.6108
0.62098
0.6158899999999999
0.62098
0.60571
0.6108
0.6158899999999999
0.6158899999999999
0.62098
0.60571
0.60571
0.6108
0.60571
0.6108
0.6158899999999999
0.60571
0.6108
0.6158899999999999
0.6311599999999999
0.6158899999999999
0.6108
0.6006199999999999
0.62098
0.60571
0.6108
0.95692
0.60571
0.62098
0.6158899999999999
0.60571
0.65152
0.62607
0.6108
0.62098
0.60571
0.6108
0.6158899999999999
0.60571
0.60571
0.62098
0.60571
0.6158899999999999
0.60571
0.62607
0.60571
0.60571
0.6108
0.6158899999999999
0.60571
0.6158899999999999
0.6006199999999999
0.6158899999999999
0.6108
0.59553
0.6108
0.60571
0.60571
0.6108
0.6158899999999999
0.6108
0.6108
0.6006199999999999
0.60571
0.6108
0.6006199999999999
0.6158899999999999
0.6006199999999999
0.60571
0.6108
0.60571
0.6158899999999999
0.6158899999999999
0.6006199999999999
0.6158899999999999
0.6158899999999999
0.60571
0.6108
0.64134
0.70242
0.6108
0.6108
0.92638
0.60571
0.6108
0.60571
0.9314699999999999
1.36921
2.06756
1.02818
1.04345
1.03836
0.96201
0.6108
0.60571
0.6158899999999999
0.6108
0.6108
0.6108
0.6158899999999999
0.63625
0.6108
0.60571
0.6158899999999999
0.64134
0.65152
0.6158899999999999
0.6158899999999999
0.6158899999999999
0.6108
0.6108
0.6108
0.6108
0.6108
0.6108
0.6006199999999999
0.62098
0.8500300000000001
0.60571
0.62098
0.59553
0.60571
0.6108
0.60571
0.6108
0.6108
0.6108
0.6108
0.6158899999999999
0.60571
0.62098
0.65661
0.6158899999999999
0.65661
0.6108
0.60571
0.6006199999999999
0.96201
0.6158899999999999
0.6158899999999999
0.62098
0.6108
0.62098
0.62098
0.6108
0.6108
0.60571
0.79404
0.62098
0.60571
0.6158899999999999
0.62098
0.6158899999999999
0.62098
0.6158899999999999
0.60571
0.62607
0.6108
0.6158899999999999
0.6158899999999999
0.6006199999999999
0.6108
0.6108
0.60571
0.6158899999999999
0.62098
0.6108
0.60571
0.6108
0.6108
0.60571
0.60571
0.6158899999999999
0.6158899999999999
0.60571
0.6158899999999999
0.60571
0.64643
0.6158899999999999
0.60571
0.6108
0.64134
0.60571
0.6108
0.6108
0.6006199999999999
