TEST #1
0.69733
0.62098
0.6311599999999999
0.62607
0.6311599999999999
0.6311599999999999
0.6108
0.6311599999999999
0.6158899999999999
0.6158899999999999
0.62098
0.62607
0.6158899999999999
0.62607
0.62607
0.62607
0.62098
0.62098
0.62607
0.62098
0.62098
0.6158899999999999
0.6311599999999999
0.6158899999999999
0.62098
0.62607
0.6158899999999999
0.63625
0.6108
0.85512
0.62607
0.62098
0.62098
0.6311599999999999
0.93656
0.68206
0.6311599999999999
0.6158899999999999
0.62607
0.62607
0.62098
0.65152
0.6158899999999999
0.62098
0.6311599999999999
0.6158899999999999
0.6108
0.62607
0.62098
0.62098
0.64134
0.62098
0.62098
0.62607
0.62098
0.62098
0.62607
0.6158899999999999
0.62607
0.62607
0.62098
0.6311599999999999
0.6311599999999999
0.65152
0.6158899999999999
0.6311599999999999
0.6311599999999999
0.62607
0.6311599999999999
0.62607
0.62098
0.62607
0.6311599999999999
0.62607
0.62607
0.6311599999999999
0.6108
0.6158899999999999
0.62607
0.66679
1.3462
0.62098
0.62607
0.6311599999999999
0.62098
0.62098
0.6311599999999999
0.62607
0.6158899999999999
0.62607
0.62607
0.64643
0.64134
0.6108
0.62098
0.62098
0.6108
0.63625
0.62607
0.6311599999999999
0.62098
0.6158899999999999
0.6311599999999999
0.62607
0.6158899999999999
0.62607
0.6311599999999999
0.6158899999999999
0.62607
0.62607
0.62607
1.53416
0.8907499999999999
0.62607
0.6158899999999999
0.6769700000000001
0.64643
0.62607
0.6108
0.62607
0.6158899999999999
0.62098
0.64643
0.62098
0.62607
0.6158899999999999
0.6158899999999999
0.62098
0.62607
0.6108
0.62607
0.6158899999999999
0.62098
0.64134
0.6311599999999999
0.62607
0.95183
0.62098
0.67188
0.62098
0.62098
0.6158899999999999
0.6158899999999999
0.62098
0.62607
0.62098
0.6158899999999999
0.62607
0.6158899999999999
0.6311599999999999
0.64643
0.63625
0.62098
0.62607
0.62098
0.62098
0.6158899999999999
0.62607
0.62098
0.62098
0.62098
0.6108
0.62098
0.64643
0.6108
0.6158899999999999
0.6158899999999999
0.9060199999999999
0.62607
1.0841699999999999
0.94165
0.9671
0.6311599999999999
1.01291
0.62607
0.62098
0.62607
0.6158899999999999
0.60571
0.62607
0.6311599999999999
1.4020800000000002
0.73296
0.93656
0.6158899999999999
0.6311599999999999
0.62607
0.94165
0.6311599999999999
0.6311599999999999
0.6158899999999999
0.62607
0.6108
0.62607
0.62098
0.6158899999999999
0.62607
0.6158899999999999
0.6158899999999999
0.62098
0.6108
0.6108
0.62098
0.6108
0.6158899999999999
0.62098
0.6158899999999999
0.6158899999999999
0.6158899999999999
0.6311599999999999
0.64134
0.62098
0.62098
0.6158899999999999
0.6158899999999999
0.62607
0.62098
0.6158899999999999
0.6108
0.62098
0.62098
0.65661
0.62098
0.64643
0.62098
0.6108
0.62098
0.62098
0.62098
0.62098
0.6158899999999999
0.62098
0.62607
0.62098
1.0485399999999998
0.6311599999999999
0.6108
0.79404
0.94165
0.62098
0.62607
0.6108
0.62607
0.6158899999999999
0.62098
0.62607
0.6311599999999999
0.62098
0.6158899999999999
0.62098
0.60571
0.6158899999999999
0.62098
0.62607
0.62607
0.6108
0.6158899999999999
0.6158899999999999
0.6108
0.6158899999999999
0.62098
0.6158899999999999
0.6311599999999999
0.6158899999999999
0.62607
0.6158899999999999
0.6158899999999999
0.62098
0.6311599999999999
0.6108
0.62098
0.62607
0.6158899999999999
0.62607
0.62607
0.62607
0.6158899999999999
0.6108
0.62607
0.62607
0.6108
0.6158899999999999
0.6158899999999999
0.6158899999999999
0.62098
1.018
0.62607
0.62098
0.6108
0.67188
0.62098
0.6108
0.65152
0.6311599999999999
0.62607
0.62098
0.6158899999999999
0.6108
0.6158899999999999
0.6158899999999999
0.6311599999999999
1.08926
1.0536299999999998
0.62607
0.64134
0.64643
0.6311599999999999
0.62607
0.62098
0.63625
0.6158899999999999
0.6108
0.62607
0.6158899999999999
0.62607
0.62607
0.6311599999999999
0.63625
0.6158899999999999
0.62098
0.62607
0.63625
0.62098
0.6311599999999999
0.6108
0.6108
0.6311599999999999
0.6158899999999999
0.62607
0.6158899999999999
0.65661
0.62098
0.6311599999999999
0.6158899999999999
0.6158899999999999
0.64643
0.98237
0.6108
0.6158899999999999
0.6108
0.68715
0.9467399999999999
0.62607
0.63625
0.6108
0.60571
0.62607
0.62607
0.62607
0.6311599999999999
0.62098
0.6108
0.62098
0.62098
0.62607
0.62607
0.62098
0.63625
0.92638
0.6108
0.6158899999999999
0.58535
0.57008
0.58535
0.57517
0.58026
0.58026
0.58535
0.58026
0.57517
0.58535
0.59044
0.58026
0.57517
0.57517
0.57517
0.58026
0.58026
0.57517
0.91111
0.57517
0.56499
0.57517
0.58535
0.58026
0.58026
0.57517
0.79913
0.58026
0.57008
0.58535
0.58026
0.57517
0.59044
0.57517
0.57517
0.57008
0.58026
0.58535
0.58026
0.57517
0.60571
0.57517
0.58026
0.58535
0.57008
0.58026
0.57517
0.57517
0.57517
0.57517
0.57517
0.57008
0.59553
0.59044
0.58535
0.56499
0.57517
0.58535
0.7889499999999999
0.58535
0.59044
0.57517
0.8500300000000001
0.58026
0.57517
0.59044
0.57517
0.6108
0.58026
0.58535
0.57517
0.58535
0.57008
0.57517
0.58535
0.59044
0.58535
0.58026
0.58026
0.59044
0.58026
0.58535
0.95692
0.57008
0.58535
0.59044
0.58026
0.57517
0.58535
0.59044
0.58026
0.59553
0.58026
0.58535
0.59044
0.57008
0.59044
0.57517
0.58026
0.58535
0.58026
0.58026
0.58535
0.58026
0.59553
0.57008
0.58535
0.58535
0.57517
0.58026
0.59044
0.58535
0.59553
0.58535
0.57517
0.57517
0.59553
0.6006199999999999
0.58535
0.6006199999999999
0.58535
0.58535
0.58026
0.58535
0.58535
0.58026
0.58026
0.57008
0.86021
0.60571
0.57517
0.57517
0.59044
0.58026
0.57517
0.59553
0.59044
0.58026
0.57008
0.57008
0.6006199999999999
0.58026
0.58026
0.58026
0.58026
0.58026
0.58026
0.57517
0.58026
0.57517
0.57517
TEST #2
0.58026
0.5599
0.57517
0.58026
0.57517
0.57517
0.58535
0.57517
0.58535
0.58535
0.57517
0.58026
0.57517
0.58535
0.58026
0.57517
0.58026
0.58535
0.57517
0.57517
0.57517
0.57008
0.58535
0.58026
0.58026
0.58026
0.8907499999999999
0.57517
0.57517
0.57517
0.58535
0.62607
0.56499
0.9212899999999999
0.64643
0.58026
0.6108
0.58026
0.57008
0.58535
0.57008
0.58026
0.57517
0.57517
0.57008
1.3462
0.58026
0.59044
0.9467399999999999
0.59553
0.7431399999999999
0.57517
0.58026
0.58026
0.58026
0.57517
0.57008
0.57517
0.63625
0.58026
0.95183
0.6006199999999999
0.56499
0.57517
0.59553
0.57008
0.57517
0.59044
0.57517
0.57008
0.58535
1.524
0.58535
0.57517
0.58535
0.57008
0.57008
0.57517
0.58026
0.57517
0.58026
0.57008
0.58026
0.59044
0.96201
0.57517
0.58535
0.57008
0.57517
0.57517
0.57517
0.58026
0.57008
0.57008
0.57517
0.57517
0.57517
0.64643
0.57008
0.58535
0.58026
0.57008
0.57517
0.57008
0.57008
0.58026
0.57008
0.59044
0.57517
0.57517
0.7889499999999999
0.57008
0.57008
0.59044
0.57008
0.57008
0.57517
0.57008
0.58535
0.60571
0.57517
0.58535
0.9161999999999999
0.57517
0.58026
0.56499
0.57008
0.58026
0.57517
0.58026
0.58535
0.9314699999999999
0.6158899999999999
0.58535
0.58026
0.74823
0.57517
0.57517
0.58535
0.58535
0.57517
0.58026
0.57008
0.59044
0.59044
0.58535
0.58026
0.57517
0.58026
0.58026
0.57517
0.57517
0.58026
0.58026
0.57008
0.58535
0.57517
0.58535
0.57517
0.58026
0.57517
0.57517
0.59553
0.58026
0.58026
0.57517
0.57517
0.58026
0.58026
0.58026
0.58535
0.58026
0.57517
0.57008
0.57517
0.57517
0.57517
0.57517
0.56499
0.57517
0.57517
0.57517
0.9060199999999999
0.58535
0.57008
0.58535
0.58026
0.58026
0.58535
0.58026
0.6006199999999999
0.57008
0.56499
0.58026
0.58026
0.57517
0.57008
0.58535
0.58535
0.57517
0.57517
0.57517
0.60571
0.58026
0.58026
0.57517
0.59553
0.57008
0.58026
0.58535
0.57008
0.57517
0.57008
0.57008
0.57008
0.58026
0.58026
0.58535
0.57008
0.58535
0.58535
0.57517
0.58535
0.57517
0.58026
0.57008
0.57517
0.57517
0.6108
0.58026
0.58535
0.58026
0.58026
0.62607
0.57517
0.58026
0.60571
0.8042199999999999
0.58026
0.58026
0.58026
0.6108
0.58026
0.57008
0.57517
0.58535
0.57517
0.57517
0.58026
0.6006199999999999
0.57008
0.58026
0.58535
0.60571
0.58535
0.57008
0.57008
0.57517
3.0916599999999996
2.43867
2.41332
2.39811
2.36769
2.3575500000000003
2.33727
2.3322000000000003
2.3271300000000004
2.3322000000000003
2.28657
2.2764300000000004
2.2561500000000003
2.2612200000000002
2.27136
2.22066
2.22066
2.20038
2.19531
2.20038
2.1801
2.16996
2.15475
2.15475
2.14968
2.13447
3.1068399999999996
2.12852
2.11836
2.1082
2.1082
2.09898
2.07772
2.0827999999999998
2.0878799999999997
2.0624800000000003
2.0574000000000003
2.03708
2.0523200000000004
2.04216
2.04216
2.0574000000000003
2.02692
2.02692
2.01168
2.01676
2.032
1.9812
1.99136
1.99136
1.98628
1.9659600000000002
1.97612
2.0066
1.9710400000000001
1.9659600000000002
1.94564
1.9964400000000002
1.9558
1.94056
1.94056
1.95072
1.9253200000000001
1.9253200000000001
1.93548
1.91008
1.9558
1.91008
1.9304000000000001
1.91008
1.88976
1.89992
1.89992
1.88976
1.89992
1.89484
1.86944
1.89992
1.87452
1.87452
1.87452
1.87452
2.20545
1.86944
1.85928
1.85928
1.86436
1.8491199999999999
1.85928
1.88468
1.83896
1.83896
1.8288
1.83896
1.86944
1.83896
1.81864
1.8542
1.89484
1.82372
1.8135599999999998
1.81864
1.8084799999999999
1.79832
1.79832
3.5925999999999996
3.25358
1.8288
1.8542
2.7631500000000004
1.79832
1.84404
1.78816
1.79832
1.79832
1.78816
1.79324
1.7779999999999998
1.83388
1.78308
1.9710400000000001
1.7779999999999998
1.7678399999999999
1.7678399999999999
1.8034
1.7526
1.7526
1.7526
1.7627599999999999
2.20472
1.7729199999999998
1.7627599999999999
1.75768
1.8288
1.7373600000000002
2.2453600000000002
2.2308000000000003
1.89484
1.7424400000000002
1.7373600000000002
1.7526
1.7424400000000002
1.7272
1.7424400000000002
1.7272
1.7272
1.7272
1.73228
1.72212
1.7627599999999999
1.72212
1.7170400000000001
1.7170400000000001
1.7068800000000002
1.7170400000000001
1.72212
1.72212
1.7170400000000001
1.7068800000000002
1.7018000000000002
2.11836
1.7068800000000002
1.72212
1.7068800000000002
1.72212
1.74752
1.7068800000000002
1.68656
1.72212
1.69164
1.69164
2.1294
2.10405
2.11328
1.8796
1.72212
1.7119600000000001
1.72212
1.7068800000000002
1.7272
1.88468
1.7119600000000001
1.7170400000000001
1.7068800000000002
2.01676
1.7119600000000001
1.7068800000000002
1.69164
1.7068800000000002
2.17424
2.58063
2.16408
2.159
1.85928
1.7068800000000002
1.69164
1.8491199999999999
2.2815000000000003
1.9608800000000002
2.07264
1.68656
1.9659600000000002
1.68148
1.6967200000000002
1.68656
1.69164
1.68148
1.7068800000000002
1.6713200000000001
1.6713200000000001
1.68148
1.6713200000000001
1.68148
1.6713200000000001
1.6967200000000002
1.6764000000000001
1.7119600000000001
1.6764000000000001
1.65608
1.6662400000000002
1.6713200000000001
1.6695200000000001
1.6662400000000002
1.6764000000000001
1.65608
1.65608
1.651
1.651
1.6713200000000001
1.651
1.64084
1.9608800000000002
1.64592
1.651
1.85928
2.01168
2.11328
1.6764000000000001
1.651
1.651
1.63576
1.64084
1.6306800000000001
1.64592
1.63576
1.6713200000000001
1.63576
1.63576
1.6306800000000001
1.6306800000000001
1.64084
1.63576
1.62052
1.6256000000000002
1.62371
TEST #3
1.6306800000000001
1.64084
1.61036
1.64084
1.61036
1.62052
1.6306800000000001
1.61544
1.61544
1.6256000000000002
1.62052
1.6256000000000002
1.61036
1.61036
1.6611600000000002
1.64084
1.61544
1.62052
1.6002
1.6002
1.6256000000000002
1.61544
1.60528
1.60528
1.5900400000000001
1.61544
1.60528
2.01676
1.59512
1.59512
1.5900400000000001
1.9558
1.5900400000000001
1.651
1.6306800000000001
1.58496
1.59512
1.94056
1.59512
1.5900400000000001
1.58496
1.57988
1.5900400000000001
1.60528
1.58496
1.59512
1.58496
1.58496
1.5748
1.5900400000000001
1.56972
1.56972
1.57988
1.58496
1.60528
1.57988
1.56772
1.56972
1.56972
1.56464
1.59512
1.9710400000000001
1.9710400000000001
1.9608800000000002
1.55448
1.5748
1.5900400000000001
1.56972
1.56464
1.56464
1.55448
1.56972
1.56972
1.56464
1.55956
1.56263
1.5493999999999999
1.60528
1.68656
1.5493999999999999
1.56972
1.55448
1.86944
1.92024
1.55956
1.5493999999999999
1.53416
1.5748
1.55956
1.5493999999999999
1.53924
1.56972
1.55754
1.5493999999999999
1.55956
1.54432
1.53924
1.55956
1.53924
1.53416
1.5493999999999999
1.52908
1.53416
1.55448
1.56464
1.53924
1.53924
1.53416
1.53924
1.53718
1.51892
1.524
1.55448
1.53924
1.53416
1.52908
1.53209
1.527
1.53416
1.53416
1.75768
1.5219099999999999
1.5219099999999999
1.51892
1.5138399999999999
1.54432
1.5138399999999999
1.51892
1.51892
1.51892
1.53209
1.51892
1.5087599999999999
1.8491199999999999
1.50664
1.5117299999999998
1.51892
1.53209
1.5493999999999999
1.5087599999999999
1.50664
1.52908
1.4986
1.49646
1.5219099999999999
1.4913699999999999
1.50664
1.50155
1.50155
1.50664
1.5473599999999998
1.49352
1.50368
1.50664
1.48844
1.5117299999999998
1.50155
1.49646
1.50155
1.4986
1.48844
1.50664
1.8034
1.4986
1.49646
1.4811899999999998
1.98628
1.9558
1.50155
1.50664
1.4862799999999998
1.48844
1.4862799999999998
1.52908
1.49646
1.4862799999999998
1.4811899999999998
1.4986
1.48336
1.48336
1.79324
1.4913699999999999
1.4761
1.49646
1.5900400000000001
1.48336
1.4811899999999998
1.4811899999999998
1.46304
1.4761
1.4811899999999998
1.4557399999999998
1.4862799999999998
1.4862799999999998
1.46592
1.4761
1.4731999999999998
1.46592
1.4731999999999998
1.5087599999999999
1.47101
1.46592
1.47101
1.46592
1.46592
1.46304
1.47101
1.46592
1.4608299999999999
1.46304
1.4608299999999999
1.4608299999999999
1.47101
1.48844
1.4478
1.4608299999999999
1.4608299999999999
1.44272
1.4608299999999999
1.4506499999999998
1.46592
1.4506499999999998
1.4506499999999998
1.46592
1.4506499999999998
1.4608299999999999
1.46592
1.46592
1.45288
1.4608299999999999
1.4506499999999998
1.79832
1.4681199999999999
1.4455599999999997
1.4731999999999998
1.63576
1.4608299999999999
1.4557399999999998
1.4506499999999998
1.81864
1.84404
1.83388
1.49352
1.4557399999999998
1.44047
1.4455599999999997
1.4557399999999998
1.43029
1.4506499999999998
1.4353799999999999
1.43029
1.44047
1.4353799999999999
1.43029
1.4353799999999999
1.44047
1.44047
1.4252
1.4353799999999999
1.47101
1.44047
1.4353799999999999
1.4353799999999999
1.4252
1.44047
1.43029
1.42011
1.4353799999999999
1.4252
1.43029
1.44047
1.42748
1.43029
1.49352
1.4608299999999999
1.4252
1.4252
1.42011
1.4150200000000002
1.4150200000000002
1.4252
1.42011
2.2815000000000003
1.4319799999999998
1.4196000000000002
1.4269199999999997
1.4145300000000003
1.43481
1.4196000000000002
1.4145300000000003
1.4246700000000003
1.42974
1.4246700000000003
1.4500199999999999
1.4246700000000003
1.4246700000000003
1.4094600000000002
1.4196000000000002
1.4094600000000002
1.4196000000000002
1.42974
1.4043900000000002
1.4043900000000002
1.42974
1.4094600000000002
1.4094600000000002
1.4145300000000003
1.3993200000000001
1.4145300000000003
1.4043900000000002
1.4094600000000002
1.4246700000000003
1.4043900000000002
1.42974
1.7811199999999998
1.4043900000000002
1.4043900000000002
1.42974
1.3942500000000002
1.4094600000000002
1.5717
1.4043900000000002
1.4043900000000002
1.3942500000000002
1.3993200000000001
1.3942500000000002
1.4094600000000002
1.3993200000000001
1.4043900000000002
1.4246700000000003
1.42974
1.4094600000000002
1.38918
1.8064199999999997
1.8671399999999998
1.8975
1.4145300000000003
1.4043900000000002
1.38918
1.3993200000000001
1.38918
1.3942500000000002
1.4196000000000002
1.38918
1.38918
1.3841100000000002
1.43988
1.3942500000000002
1.3790400000000003
1.3841100000000002
1.38918
1.7085900000000003
1.4094600000000002
1.3841100000000002
1.3790400000000003
1.3790400000000003
1.3689000000000002
1.36383
1.38918
1.3942500000000002
1.3841100000000002
1.3739700000000001
1.3689000000000002
1.4094600000000002
1.3841100000000002
1.3790400000000003
1.3841100000000002
1.3841100000000002
1.3993200000000001
1.3841100000000002
1.3739700000000001
1.3739700000000001
1.38918
1.70016
1.6832400000000003
1.3689000000000002
1.47537
1.3689000000000002
1.3942500000000002
1.3486200000000002
1.4043900000000002
1.3942500000000002
1.3739700000000001
1.3689000000000002
1.3841100000000002
1.3841100000000002
1.3942500000000002
1.3587600000000002
1.4043900000000002
1.73052
1.36383
1.46016
1.3587600000000002
1.3790400000000003
1.3587600000000002
1.3942500000000002
1.36383
1.3587600000000002
1.3790400000000003
1.35369
1.36383
1.36383
1.3587600000000002
1.36383
1.3841100000000002
1.3587600000000002
1.3689000000000002
1.35369
1.36383
1.36383
1.35369
1.3587600000000002
1.36383
1.35369
1.3486200000000002
1.3587600000000002
1.42974
1.36383
1.3587600000000002
1.3486200000000002
1.4043900000000002
1.3587600000000002
1.3384800000000001
1.3486200000000002
1.3587600000000002
1.3739700000000001
1.3689000000000002
1.35369
1.3384800000000001
1.3587600000000002
1.3486200000000002
0.95504
0.60571
0.6108
0.6158899999999999
0.62098
0.64643
0.62098
0.62607
0.64134
0.62098
0.6108
0.62607
0.60571
0.62607
0.62098
0.62098
0.62098
0.6108
0.6108
0.6158899999999999
0.63625
0.6158899999999999
0.6158899999999999
0.6158899999999999
0.60571
0.60571
0.6108
0.6158899999999999
0.6108
0.6108
0.6158899999999999
0.60571
0.6158899999999999
0.62607
0.6158899999999999
0.62098
0.6311599999999999
0.60571
0.62607
0.6311599999999999
0.60571
0.6158899999999999
0.62098
0.6311599999999999
0.6108
0.60571
0.6108
0.62607
0.62607
0.6006199999999999
0.6158899999999999
0.6108
0.62098
0.6158899999999999
0.6158899999999999
0.6158899999999999
1.00076
0.6108
0.62607
0.6158899999999999
0.6108
0.62098
0.6108
0.62098
0.6158899999999999
0.60571
0.6311599999999999
0.6158899999999999
0.60571
0.62607
0.60571
0.6108
0.6158899999999999
0.62098
0.62098
0.64643
0.6006199999999999
0.62098
0.64134
0.6158899999999999
0.6158899999999999
TEST #4
0.6108
0.6108
0.60571
0.6108
0.6158899999999999
0.6158899999999999
0.62098
0.6108
0.62607
0.6108
0.6311599999999999
0.6108
0.6108
0.6158899999999999
0.6108
0.6108
0.62607
0.6108
0.6158899999999999
0.6158899999999999
0.6108
0.6108
0.63625
0.6158899999999999
0.6108
0.62098
0.94165
0.6108
0.6108
0.62098
0.81949
0.60571
0.6158899999999999
0.62607
0.60571
0.6108
0.8585200000000001
0.6006199999999999
0.6108
0.6108
0.6311599999999999
0.6158899999999999
0.6108
0.94996
0.62607
0.60571
0.6158899999999999
0.60571
0.6311599999999999
0.62607
0.60571
0.6158899999999999
0.62098
0.6108
0.62098
0.6158899999999999
0.6108
0.6158899999999999
0.6108
0.60571
0.6108
0.60571
0.6158899999999999
0.6108
0.62098
0.60571
0.6108
0.6158899999999999
0.6108
0.6108
0.62098
0.6158899999999999
0.62098
0.6158899999999999
0.6108
0.6158899999999999
0.60571
1.00076
0.6158899999999999
0.60571
0.62607
0.79913
0.6158899999999999
0.6158899999999999
0.62098
0.6108
0.6158899999999999
0.60571
0.6006199999999999
0.6158899999999999
0.60571
0.60571
0.62607
0.6108
0.6311599999999999
1.07188
1.08204
0.63625
0.60571
0.8042199999999999
0.6108
0.6158899999999999
0.6158899999999999
0.6311599999999999
0.6158899999999999
0.6108
0.63625
0.62098
0.6158899999999999
0.6108
0.6158899999999999
0.6158899999999999
0.6158899999999999
0.6108
0.62607
0.6108
0.6158899999999999
0.6158899999999999
0.60571
0.6311599999999999
0.9906
0.78386
0.6158899999999999
0.6158899999999999
0.6108
0.6158899999999999
0.6108
0.62098
1.10236
0.6006199999999999
0.6158899999999999
0.64134
0.6108
0.6108
0.64134
0.60571
0.6158899999999999
0.6108
0.6108
0.6108
0.60571
0.6108
0.6158899999999999
0.60571
0.6108
0.6311599999999999
0.6108
0.6108
0.6158899999999999
0.6158899999999999
0.6158899999999999
0.6108
0.60571
0.6108
0.6108
0.6158899999999999
0.60571
0.6108
0.6158899999999999
0.6108
0.85512
0.6108
0.62098
0.6158899999999999
0.6108
0.60571
0.6108
0.6108
0.62098
0.6158899999999999
0.60571
0.62607
0.6108
0.6158899999999999
0.6158899999999999
0.6158899999999999
0.60571
0.62607
0.60571
0.6311599999999999
0.62098
0.6108
0.6006199999999999
0.62098
0.62098
0.6158899999999999
0.62607
0.6158899999999999
0.60571
0.63625
0.62607
0.6108
0.6108
0.60571
0.62098
0.6108
0.6158899999999999
0.6158899999999999
0.60571
0.62098
0.60571
0.6311599999999999
0.63625
0.6158899999999999
0.6158899999999999
0.6108
0.6006199999999999
0.6108
0.6108
0.60571
0.62098
0.6158899999999999
0.6158899999999999
0.62607
0.64134
0.96012
0.6311599999999999
0.6108
0.6108
0.6158899999999999
0.62607
0.6108
0.6311599999999999
0.6108
0.6108
0.6108
0.60571
0.6158899999999999
0.6006199999999999
0.6108
0.6158899999999999
0.60571
0.6108
0.6108
0.6108
1.0464799999999999
0.60571
0.6108
0.6158899999999999
0.6158899999999999
0.6108
0.6158899999999999
0.6108
0.6158899999999999
0.6108
0.6108
0.6108
0.64134
0.6158899999999999
0.60571
0.6158899999999999
0.6006199999999999
0.6158899999999999
0.60571
0.62607
0.60571
0.6108
0.6108
0.6158899999999999
0.6108
0.62098
0.60571
0.60571
0.62098
0.6108
0.62098
0.6108
0.62098
0.6158899999999999
0.60571
0.62607
0.60571
0.6158899999999999
0.60571
0.6108
0.6108
0.6108
0.6158899999999999
0.6158899999999999
0.6108
0.60571
0.6108
0.65152
0.60571
0.6108
0.6108
0.94165
0.94996
0.63625
0.6158899999999999
0.62098
0.60571
0.6158899999999999
0.6108
0.60571
0.6108
0.6158899999999999
0.60571
0.69733
0.6108
0.6158899999999999
0.60571
0.6158899999999999
0.6108
0.6108
0.6158899999999999
0.6108
0.6108
0.62098
0.6108
0.6108
0.6108
0.6108
0.62607
0.6006199999999999
0.60571
0.6158899999999999
0.6108
0.6108
0.77877
0.6158899999999999
0.6108
0.6158899999999999
0.6158899999999999
0.6108
0.6108
0.58535
0.59044
0.58026
0.56499
0.58026
0.57008
0.57008
0.9009299999999999
0.58535
0.57517
0.58026
0.93656
0.58535
0.57008
0.58026
0.57517
0.57517
0.58535
0.58535
0.57517
0.57517
0.57517
0.60571
0.57517
0.79913
0.57517
0.57517
0.57517
0.57008
0.57517
0.57008
0.57008
0.57008
0.56499
0.6108
0.6108
0.57008
0.57517
0.57008
0.57517
0.57008
0.57517
0.58026
0.57517
0.58026
0.59044
0.59044
0.58026
0.58026
0.9144
0.57008
0.56499
0.57517
0.93472
0.57008
0.57517
0.56499
0.58535
0.58026
0.57008
0.6006199999999999
0.57008
0.9245599999999999
0.57517
0.60571
0.57008
0.57517
0.58535
0.58535
0.58026
0.57008
0.57517
0.6006199999999999
0.59553
0.58026
0.58535
0.57517
0.58026
0.5599
0.57517
0.59044
0.57517
0.58026
0.58026
0.57517
0.6006199999999999
0.58026
0.57517
0.57008
0.79913
0.58026
0.57517
0.57008
0.58535
0.58535
0.58026
0.58535
0.58026
0.57008
0.58026
0.57517
0.57008
0.57517
0.57008
0.56499
0.58026
0.57008
0.58026
0.57517
0.96201
0.58535
0.57008
0.57008
0.58026
0.57008
0.57008
0.57008
0.57517
0.57008
0.58026
0.57517
0.57517
0.57008
0.57517
0.57008
0.58026
0.57517
0.58026
0.58026
0.58026
0.57517
0.58535
0.57517
0.56499
0.58026
0.58026
0.57517
0.57517
0.57008
0.57517
0.57517
0.57008
0.60571
0.57517
0.57008
0.58026
0.57008
0.58026
0.57008
0.57517
0.58026
0.57008
0.56499
0.57517
0.58026
0.58026
0.58026
0.58026
0.58026
0.58026
0.58535
0.58026
0.59044
1.05156
1.02309
1.0027300000000001
0.7889499999999999
0.62098
0.6158899999999999
0.63625
0.6158899999999999
0.6108
0.6158899999999999
0.6158899999999999
0.6108
0.60571
0.60571
0.60571
0.6108
0.6108
0.6158899999999999
0.6311599999999999
0.62607
0.6108
0.6158899999999999
0.60571
TEST #5
0.62607
0.62607
0.60571
0.62098
0.60571
0.62098
0.62607
0.6108
0.6311599999999999
0.60571
0.60571
0.62607
0.6108
0.60571
0.6108
0.6108
0.6108
0.6158899999999999
0.6108
0.60571
0.62098
0.60571
0.6158899999999999
0.6108
0.60571
0.82458
0.60571
0.60571
0.60571
0.79913
0.6158899999999999
0.62098
0.6108
0.6158899999999999
0.6158899999999999
0.82967
0.60571
0.6108
0.60571
0.6158899999999999
0.6108
0.62098
2.15556
0.6311599999999999
0.6108
0.9804400000000001
0.60571
0.62098
0.62607
0.6108
0.6158899999999999
0.6108
0.6006199999999999
0.6158899999999999
0.6108
0.6108
0.62098
0.6108
0.6108
0.6158899999999999
0.60571
0.6108
0.6108
0.6108
0.6108
0.6108
0.64643
0.62098
0.6158899999999999
0.6108
0.6108
0.6006199999999999
0.62098
0.6108
0.60571
0.6158899999999999
0.95183
0.60571
0.64134
0.6311599999999999
0.8347600000000001
0.6158899999999999
0.6158899999999999
0.6108
0.62607
0.6158899999999999
0.60571
0.6108
0.60571
0.6158899999999999
0.6108
0.6311599999999999
0.60571
0.60571
0.6158899999999999
0.6158899999999999
0.6006199999999999
0.6108
0.79913
0.60571
0.6158899999999999
0.60571
0.6108
0.6311599999999999
0.6108
0.62607
0.67188
0.6108
0.6158899999999999
0.60571
0.6108
0.60571
0.60571
0.6158899999999999
0.6158899999999999
0.6108
0.6158899999999999
0.6158899999999999
0.60571
0.62098
0.60571
0.6108
0.6108
0.6108
0.60571
0.60571
0.6158899999999999
0.8754799999999999
0.6158899999999999
0.60571
0.60571
0.7736799999999999
1.0464799999999999
0.60571
0.60571
0.6158899999999999
0.60571
0.6108
0.6108
0.62098
0.6158899999999999
0.60571
0.60571
0.60571
0.6158899999999999
0.6006199999999999
0.6108
0.6108
0.6108
0.6006199999999999
0.60571
0.6108
0.6108
0.60571
0.6108
0.60571
0.6108
0.6158899999999999
0.6108
0.60571
0.62098
0.6108
0.6108
0.6108
2.11508
1.07399
1.06172
1.06172
0.6158899999999999
0.60571
0.6158899999999999
0.62098
0.6006199999999999
0.6158899999999999
0.60571
0.62098
0.6158899999999999
1.3360400000000001
0.9009299999999999
0.62607
0.6108
0.6108
0.62098
0.6108
0.6108
0.6108
0.60571
0.65152
0.6108
0.60571
0.6158899999999999
0.6108
0.6158899999999999
0.6108
0.6108
0.60571
0.6158899999999999
0.6108
0.60571
0.60571
0.6311599999999999
0.6158899999999999
0.6158899999999999
0.60571
0.62098
0.60571
0.6108
0.6158899999999999
0.60571
0.60571
0.6158899999999999
0.60571
0.64134
0.6108
0.6158899999999999
0.6158899999999999
0.60571
0.6108
0.6158899999999999
0.6108
0.6108
0.6158899999999999
0.60571
0.6158899999999999
0.6108
0.6108
0.6158899999999999
0.60571
0.6108
0.6108
0.70242
0.6158899999999999
0.6108
0.6158899999999999
0.6158899999999999
0.60571
0.60571
0.6108
0.6108
0.6108
0.62098
0.7736799999999999
0.6158899999999999
0.6158899999999999
0.6108
0.60571
0.6158899999999999
0.60571
0.6108
0.60571
0.6108
1.05156
1.05664
0.62607
0.6158899999999999
0.6006199999999999
0.6108
0.6108
0.6006199999999999
0.6158899999999999
0.60571
0.6006199999999999
0.6006199999999999
0.6158899999999999
0.6108
0.60571
0.6108
0.6108
0.6108
0.6108
0.60571
0.6158899999999999
0.62607
0.60571
0.6158899999999999
0.6108
0.6158899999999999
0.6108
0.6108
0.60571
0.6769700000000001
0.6108
0.6158899999999999
0.6158899999999999
0.6108
0.62607
0.6158899999999999
0.6108
0.6108
0.6108
0.6158899999999999
0.6311599999999999
0.6158899999999999
0.6108
0.60571
0.60571
0.6108
0.6108
0.6108
0.6108
0.6108
0.6006199999999999
0.6108
0.60571
0.64134
0.6108
0.60571
0.60571
0.65152
0.6158899999999999
0.6158899999999999
0.6108
0.6006199999999999
0.6158899999999999
0.6158899999999999
0.6006199999999999
0.60571
0.6158899999999999
0.60571
0.6158899999999999
0.63625
0.62098
0.6158899999999999
0.60571
0.6108
0.62098
0.6108
0.60571
0.60571
0.60571
0.62098
0.64134
0.60571
0.63625
0.6108
0.63625
0.6158899999999999
0.60571
0.6108
0.6108
0.6108
0.62607
0.6158899999999999
0.6108
0.62098
0.62607
0.6311599999999999
0.6108
0.6108
0.6158899999999999
0.6158899999999999
0.60571
0.6158899999999999
0.60571
0.6108
0.6108
0.6158899999999999
0.6108
0.97728
0.6108
0.9212899999999999
0.6108
0.6108
0.6108
0.62607
0.9652000000000001
0.6108
0.6158899999999999
0.64643
0.62098
0.62098
0.62607
0.60571
0.62607
0.99764
0.6108
0.6108
0.62607
0.60571
0.6158899999999999
0.62098
0.6158899999999999
0.6108
0.95183
0.6158899999999999
0.6108
0.62098
0.98237
0.6108
0.6158899999999999
0.63625
0.6108
0.6108
0.6158899999999999
0.62098
0.6108
0.6158899999999999
0.6108
0.6006199999999999
0.62098
0.60571
0.60571
0.6158899999999999
0.62607
0.6006199999999999
0.6158899999999999
0.60571
0.6158899999999999
0.60571
0.60571
0.60571
0.6108
0.6006199999999999
0.60571
0.6617
0.63625
0.60571
0.6006199999999999
0.6108
0.6108
0.60571
0.6108
0.6158899999999999
0.6108
0.6158899999999999
0.6108
0.60571
0.62607
0.64134
0.60571
0.6108
0.60571
0.60571
0.62098
0.98237
0.6108
0.60571
0.60571
1.01291
0.6108
0.6311599999999999
0.6108
0.6158899999999999
0.60571
0.62098
0.60571
0.62098
0.6108
0.6108
0.6158899999999999
0.6108
0.6158899999999999
0.63625
0.6158899999999999
0.6108
0.6158899999999999
0.6158899999999999
0.6108
0.62098
0.6108
0.6158899999999999
0.6158899999999999
0.6311599999999999
0.64643
0.6158899999999999
0.6108
0.86021
0.62098
0.6158899999999999
0.6108
0.6108
0.6108
0.6158899999999999
0.6158899999999999
0.60571
0.6108
0.59553
0.60571
0.60571
0.6158899999999999
0.62098
0.60571
0.6108
0.57008
0.57008
0.89584
0.58026
0.57008
0.57517
0.64134
0.57008
0.58026
0.60571
0.58026
0.58026
0.57008
0.57008
0.57517
0.58026
0.58026
0.57517
0.60571
0.57008
0.57517
0.57008
0.58535
0.58026
0.58026
0.57517
0.58026
0.6006199999999999
0.57517
0.57008
