TEST #1
1.4099300000000001
1.4252
1.4099300000000001
1.8323999999999998
1.40484
1.6084399999999999
1.4150200000000002
1.39466
1.78659
1.4150200000000002
1.4099300000000001
1.47101
1.7967699999999998
1.7713199999999998
1.7509599999999998
1.4099300000000001
1.47101
1.72551
1.7713199999999998
1.39466
1.39466
1.39466
1.42011
1.39975
1.4099300000000001
1.4099300000000001
1.3844800000000002
1.76114
1.40484
1.3844800000000002
1.43029
1.74078
1.39975
1.38957
1.3743
1.62371
1.39975
1.3844800000000002
1.39975
1.39975
1.50664
1.38957
1.4506499999999998
1.4099300000000001
1.7306000000000001
1.4150200000000002
1.91384
1.57281
1.61353
1.39466
1.38957
1.4353799999999999
1.71024
1.74587
1.3743
1.4099300000000001
1.38957
1.72551
1.38957
1.3743
1.3844800000000002
1.71533
1.3793900000000001
1.53209
1.36921
1.3743
1.72042
1.72551
1.3844800000000002
1.4150200000000002
1.71533
1.36921
1.36412
1.3844800000000002
1.55754
1.4252
1.74078
1.36412
1.4150200000000002
1.7356900000000002
1.4353799999999999
1.7000600000000001
1.36412
1.36921
1.4150200000000002
1.3743
1.5524499999999999
1.4099300000000001
1.3743
1.38957
1.38957
1.8069499999999998
1.3793900000000001
1.3539400000000001
1.3743
1.35903
1.36412
1.36921
1.38957
1.3793900000000001
1.3793900000000001
1.38957
1.3539400000000001
1.74078
1.9253200000000001
1.3539400000000001
1.35903
1.3539400000000001
1.3793900000000001
1.7764099999999998
1.39466
1.3793900000000001
1.36412
1.36921
1.35903
1.40484
1.34885
1.7306000000000001
1.34885
1.34885
1.3539400000000001
1.57281
1.71533
1.3844800000000002
1.34376
1.36412
1.3743
1.5168199999999998
1.34376
1.34885
1.7000600000000001
1.3539400000000001
1.34885
1.34885
2.02692
1.33358
1.34376
1.70515
1.34376
1.79168
1.32849
1.33867
1.70515
1.34376
1.38957
1.36412
1.71533
1.7000600000000001
1.33867
1.34885
1.42011
1.34885
1.6797
1.36412
1.8120399999999999
1.34376
1.33867
1.33358
1.34376
1.32849
1.68479
1.3539400000000001
1.33358
1.3539400000000001
1.7627599999999999
1.5524499999999999
1.34376
1.33867
1.3539400000000001
1.4862799999999998
1.32849
1.32849
1.36921
1.68479
0.98746
0.73805
0.7227799999999999
1.3234
0.7227799999999999
0.7584099999999999
0.7584099999999999
0.7227799999999999
0.73296
0.7278699999999999
0.74823
0.7889499999999999
0.7278699999999999
0.7278699999999999
0.73805
0.7227799999999999
1.07908
0.7227799999999999
0.73296
0.7736799999999999
0.73805
0.7176899999999999
0.7278699999999999
0.96201
0.7278699999999999
0.7431399999999999
0.7278699999999999
0.7176899999999999
0.75332
0.8907499999999999
0.75332
0.7227799999999999
0.7736799999999999
0.9212899999999999
0.74823
0.7736799999999999
0.7278699999999999
1.06381
1.07908
1.07399
0.7889499999999999
0.7431399999999999
1.0485399999999998
0.7278699999999999
0.73296
0.7176899999999999
1.0689
0.73296
1.0689
0.7227799999999999
1.06381
0.73296
0.9060199999999999
0.74823
1.06381
0.92638
0.7227799999999999
0.7176899999999999
0.91111
0.91111
1.07399
1.0841699999999999
0.73805
1.3793900000000001
1.32849
0.73805
0.94165
1.10453
0.7431399999999999
0.77877
0.7889499999999999
1.1147099999999999
0.74823
1.09435
1.09944
0.78386
0.9467399999999999
0.7584099999999999
1.08926
1.0841699999999999
0.74823
0.77877
1.16561
1.07399
0.9161999999999999
0.73296
0.73296
0.98237
0.73805
1.0689
1.09944
0.74823
0.73805
0.9060199999999999
1.23687
1.07908
1.0841699999999999
0.7227799999999999
0.7278699999999999
0.9467399999999999
0.9060199999999999
1.0841699999999999
1.08926
1.07908
0.73296
0.95183
0.98237
0.9009299999999999
0.7227799999999999
0.73296
0.9161999999999999
0.9467399999999999
1.08926
1.07908
0.73805
1.09944
0.80931
0.7635
0.73805
0.94165
0.73805
0.7227799999999999
0.77877
1.08926
0.7176899999999999
0.7227799999999999
0.7227799999999999
1.0689
0.97219
0.7584099999999999
0.73805
0.7431399999999999
1.09944
0.7278699999999999
0.9212899999999999
1.0689
1.10962
0.7227799999999999
0.73805
1.10453
0.77877
0.74823
1.09944
0.75332
0.74823
1.10962
0.78386
0.89584
1.0689
1.14016
0.7278699999999999
0.95692
1.15034
0.7431399999999999
0.7278699999999999
0.9314699999999999
0.73296
0.8856599999999999
0.73296
1.07908
0.7278699999999999
0.73805
1.07908
0.9161999999999999
0.73805
1.09435
0.7431399999999999
0.73805
1.07908
0.9161999999999999
0.7227799999999999
0.9467399999999999
1.0841699999999999
0.73296
1.09435
1.26741
1.10453
1.09944
0.9060199999999999
1.0587199999999999
0.76859
0.95183
1.09944
1.09435
1.0689
1.13507
0.7889499999999999
0.73296
1.10453
1.09435
0.7227799999999999
0.7227799999999999
1.16052
1.09435
0.9009299999999999
1.0841699999999999
0.73296
1.07908
0.7227799999999999
0.75332
1.1147099999999999
1.0689
0.73296
0.7278699999999999
0.7431399999999999
1.24705
0.73805
0.7278699999999999
0.7227799999999999
0.7227799999999999
1.018
1.07908
1.06381
0.73805
0.74823
0.77877
0.78386
0.74823
1.09435
0.7584099999999999
0.73805
0.8144
0.77877
0.74823
0.80931
0.7278699999999999
1.07399
0.9161999999999999
0.7227799999999999
1.0841699999999999
0.73805
0.9060199999999999
1.09944
0.9060199999999999
0.7431399999999999
0.97219
1.00782
0.74823
0.7227799999999999
0.98237
0.73296
0.73805
1.10453
0.73296
1.0536299999999998
0.95183
0.7635
1.06381
1.07908
0.7278699999999999
0.76859
0.7584099999999999
1.10962
0.7227799999999999
1.12489
0.73296
0.77877
0.74823
0.73296
0.93656
1.07399
1.09944
0.92638
1.06381
1.06381
1.1198
0.7278699999999999
0.73296
1.09944
1.08926
1.0689
1.19106
0.7278699999999999
0.7278699999999999
0.74823
1.09435
0.73805
0.7176899999999999
0.9671
0.73296
0.91111
0.7431399999999999
0.75332
0.7227799999999999
0.73805
0.78386
1.00782
0.75332
1.1147099999999999
0.7431399999999999
1.10962
0.91111
1.1147099999999999
0.75332
1.09435
0.7431399999999999
1.0841699999999999
0.89584
0.75332
1.0841699999999999
0.73296
0.73296
0.7227799999999999
0.9009299999999999
1.07399
0.7635
0.73296
1.07399
1.0587199999999999
0.76859
1.0841699999999999
0.75332
1.09944
1.09435
0.73296
0.9467399999999999
1.0841699999999999
1.07908
0.75332
1.12489
0.7889499999999999
1.2216
1.0841699999999999
0.87039
1.09435
0.7278699999999999
0.79404
1.07908
1.07908
1.07908
1.09944
0.73805
0.9060199999999999
1.09435
1.07908
1.0841699999999999
0.73296
1.10962
1.49646
TEST #2
1.0689
0.7227799999999999
1.09435
0.73296
1.07908
0.76859
0.73296
1.07399
1.12489
1.09435
0.7431399999999999
0.97728
0.9671
0.7278699999999999
0.7227799999999999
0.7431399999999999
0.79404
1.02309
0.7278699999999999
0.73296
0.7227799999999999
0.7278699999999999
0.77877
0.7278699999999999
0.7278699999999999
1.08926
1.07908
0.7431399999999999
0.7431399999999999
1.1757900000000001
0.7431399999999999
1.09435
0.80931
1.10962
0.9009299999999999
0.73296
0.7227799999999999
1.09944
1.12489
0.7227799999999999
0.95692
0.73296
0.85512
0.73805
1.07908
0.7431399999999999
0.97219
0.73805
1.07908
0.73805
0.75332
1.28777
0.79913
0.8856599999999999
1.06381
1.4862799999999998
0.7431399999999999
0.8907499999999999
0.73296
1.09435
0.7278699999999999
1.07399
0.73805
0.9467399999999999
0.7278699999999999
1.07908
0.7431399999999999
1.16052
1.16561
0.83985
0.74823
1.1757900000000001
1.1707
1.16561
0.7278699999999999
0.79913
0.83985
1.0841699999999999
1.08926
1.4862799999999998
1.24705
1.0485399999999998
0.73805
0.7278699999999999
0.7431399999999999
1.02818
0.9671
1.1198
1.07908
1.0587199999999999
1.0841699999999999
1.08926
0.77877
1.07399
1.0689
1.10962
0.9314699999999999
0.73805
1.09435
0.7227799999999999
0.7278699999999999
1.0841699999999999
1.1707
0.74823
0.75332
1.08926
0.9314699999999999
1.1198
1.09435
0.7736799999999999
1.02818
1.12489
0.73296
0.73805
0.73805
1.50155
0.95692
0.73296
1.0689
0.73805
1.10453
0.7889499999999999
1.10962
1.09944
1.0689
0.7278699999999999
0.73805
0.82967
1.10453
0.9161999999999999
1.06381
0.7431399999999999
0.73296
0.97728
0.73296
0.73296
1.09435
1.07399
0.7227799999999999
0.9009299999999999
0.7431399999999999
1.07908
0.73296
1.09435
0.7431399999999999
0.96201
0.7431399999999999
1.0841699999999999
1.09435
0.7227799999999999
0.7635
1.02309
0.73805
1.30304
1.08926
0.76859
1.0689
1.18597
1.08926
0.73296
0.7227799999999999
0.7278699999999999
0.85512
0.9060199999999999
1.0841699999999999
0.7227799999999999
1.0587199999999999
1.10453
0.7584099999999999
0.74823
1.1147099999999999
1.09435
0.73296
0.7227799999999999
0.7635
1.09435
1.07908
1.04345
0.74823
0.74823
1.21142
0.7584099999999999
0.74823
0.75332
1.09435
0.78386
0.80931
0.73296
0.98237
1.09435
0.7278699999999999
0.9212899999999999
1.0689
0.73296
1.1198
0.73805
1.09435
0.91111
0.73805
0.73296
0.7278699999999999
1.1198
0.73296
0.91111
0.73805
0.73805
0.74823
1.0841699999999999
0.7584099999999999
0.9161999999999999
0.73296
0.74823
0.7431399999999999
1.09944
1.13507
0.97728
0.7431399999999999
1.07399
0.7278699999999999
0.73296
0.7635
0.9671
1.0841699999999999
1.0841699999999999
0.73296
1.08926
0.82967
0.9212899999999999
1.09435
0.73805
1.0536299999999998
0.9009299999999999
0.8754799999999999
1.10453
0.92638
1.08926
0.75332
1.08926
0.9161999999999999
0.75332
1.0841699999999999
0.7278699999999999
1.0841699999999999
1.12998
0.96201
1.09435
0.7431399999999999
0.73296
0.73805
1.06381
0.97728
1.08926
1.09435
1.09944
1.07908
1.0485399999999998
1.09944
1.09944
0.7431399999999999
0.76859
0.74823
0.8042199999999999
1.0689
1.07908
1.10453
0.7431399999999999
1.07908
0.84494
1.10453
0.7278699999999999
0.7584099999999999
0.7278699999999999
0.73296
0.75332
1.56263
1.0841699999999999
0.73296
0.7431399999999999
1.07908
0.9212899999999999
0.7227799999999999
1.0841699999999999
0.7278699999999999
1.06381
0.7431399999999999
0.8144
0.7584099999999999
1.09435
0.7278699999999999
1.09435
0.7635
0.73805
0.73296
1.07908
0.74823
1.09944
0.9314699999999999
1.10962
0.74823
1.07908
1.0841699999999999
0.73805
0.96201
1.09944
1.16052
0.73805
1.07908
0.99255
0.9161999999999999
0.73296
1.07908
0.7431399999999999
1.06381
1.09435
0.99764
1.0841699999999999
1.12489
1.2725
0.73805
0.73296
0.78386
0.9161999999999999
0.7584099999999999
1.08926
1.09435
0.7736799999999999
1.018
1.10962
1.09944
1.09435
1.07399
0.98237
1.12489
1.09944
0.7431399999999999
0.7584099999999999
0.75332
0.7736799999999999
1.0689
1.0689
1.0841699999999999
1.10962
0.7278699999999999
1.07399
1.07399
0.7635
1.08926
0.95692
0.73805
0.95183
1.07908
0.73296
0.73296
0.7227799999999999
0.7431399999999999
0.93656
0.7635
0.7431399999999999
1.13507
1.07399
1.8796
1.01291
1.08926
0.75332
0.7227799999999999
1.09435
0.79404
0.73805
1.0841699999999999
1.06381
0.7431399999999999
1.09944
0.97219
1.10962
0.7278699999999999
1.0841699999999999
0.7431399999999999
0.74823
0.89584
1.09435
1.09435
0.91111
0.73296
1.06381
0.74823
1.09435
1.07399
1.08926
0.7278699999999999
1.0841699999999999
0.96201
1.1147099999999999
0.73805
1.10453
0.7431399999999999
1.1147099999999999
0.9671
1.09435
0.73296
1.0689
1.07908
0.98746
1.07908
1.10962
0.7584099999999999
0.73805
0.7431399999999999
0.7736799999999999
1.07399
1.16052
1.0841699999999999
0.75332
1.09944
1.09435
1.08926
1.07908
1.09435
1.0841699999999999
1.07908
0.9314699999999999
1.15034
0.73805
0.73805
0.73296
0.7431399999999999
0.80931
1.06381
0.7431399999999999
1.09944
1.0689
0.7584099999999999
0.75332
1.09435
1.0027300000000001
0.73805
1.09435
0.95692
1.14525
0.73805
0.73296
0.7227799999999999
0.7227799999999999
0.9060199999999999
1.07399
0.73805
0.7278699999999999
1.018
0.73296
0.92638
1.14016
1.12998
1.0841699999999999
0.73296
0.7431399999999999
0.9060199999999999
0.7431399999999999
1.0841699999999999
0.73296
0.9212899999999999
1.07908
0.9671
1.07399
0.74823
0.99764
0.73296
1.1757900000000001
0.7736799999999999
1.0587199999999999
0.7278699999999999
1.0841699999999999
1.07908
0.8347600000000001
0.74823
1.0689
0.89584
1.08926
1.09944
0.83985
1.0587199999999999
1.08926
1.12998
0.7431399999999999
1.08926
0.92638
1.07908
0.7431399999999999
0.9212899999999999
0.74823
1.12998
1.09944
1.09944
0.89584
1.09944
1.07399
1.12998
0.79404
1.06381
0.9060199999999999
0.73296
0.7227799999999999
0.75332
0.97728
1.09435
1.0689
0.75332
1.08926
1.01291
1.0485399999999998
0.73805
1.09944
1.0841699999999999
1.07908
1.07908
TEST #3
0.7278699999999999
0.7431399999999999
1.07399
1.09435
0.73296
0.7278699999999999
1.0027300000000001
1.07908
0.7635
1.1198
0.74823
0.9009299999999999
1.09944
0.7278699999999999
0.73296
0.7736799999999999
0.7431399999999999
1.0027300000000001
0.73296
0.7635
1.08926
0.73296
0.7431399999999999
0.82967
0.7278699999999999
0.73805
1.07908
0.7227799999999999
0.78386
0.74823
1.0689
1.0841699999999999
1.08926
0.7431399999999999
0.78386
0.7176899999999999
1.09435
0.7227799999999999
1.0841699999999999
0.73296
1.0587199999999999
0.73296
0.91111
1.0841699999999999
1.13507
1.10453
0.9161999999999999
0.74823
0.73805
1.1198
1.14525
0.7584099999999999
0.95692
1.1198
1.08926
0.9671
0.73296
1.07399
0.95692
1.0587199999999999
1.09944
1.0332700000000001
1.08926
0.9467399999999999
1.07399
0.7278699999999999
0.77877
0.9009299999999999
0.7584099999999999
1.09944
0.73805
1.0841699999999999
0.7278699999999999
0.73296
0.73805
1.07908
0.73805
0.74823
1.0689
0.9671
0.73296
0.9212899999999999
0.73296
0.7227799999999999
0.7278699999999999
0.73805
0.7227799999999999
0.9467399999999999
0.73296
1.08926
1.08926
0.7278699999999999
1.07908
0.95183
0.7278699999999999
1.0841699999999999
0.73296
0.7227799999999999
0.78386
0.98746
1.09435
1.29286
0.7278699999999999
0.73296
0.7889499999999999
1.09435
0.9212899999999999
1.0841699999999999
1.07908
1.04345
0.9161999999999999
1.0689
1.07399
0.73296
0.7635
0.7635
0.9212899999999999
0.7431399999999999
1.09435
0.7227799999999999
0.75332
1.07399
1.30813
1.12489
1.10453
0.7584099999999999
1.1198
0.76859
0.97728
1.1147099999999999
1.08926
0.9060199999999999
1.0841699999999999
1.24196
0.98746
1.07399
0.92638
1.09944
1.09435
0.98746
0.73296
0.73296
0.74823
0.7278699999999999
1.08926
1.10453
1.09944
0.73296
1.06381
1.07908
0.73805
0.7278699999999999
1.4862799999999998
1.1198
0.7278699999999999
0.73805
1.09435
0.92638
1.07908
0.73296
0.7278699999999999
1.0841699999999999
0.7431399999999999
0.95692
0.74823
1.10453
0.73805
1.09944
0.7584099999999999
0.9467399999999999
0.7431399999999999
0.89584
0.7278699999999999
0.7584099999999999
0.9671
1.16052
0.73805
1.0841699999999999
1.09435
1.09435
0.94165
1.09435
0.95183
0.8754799999999999
1.0689
0.73296
0.94165
1.09435
1.09944
0.7278699999999999
1.0689
0.73296
0.91111
1.07399
0.7431399999999999
1.09944
1.6084399999999999
0.75332
0.98746
0.83985
0.94165
1.08926
0.74823
0.98237
0.8347600000000001
1.08926
1.06381
2.3114
1.1961499999999998
1.18597
0.7584099999999999
0.9314699999999999
0.7889499999999999
1.1198
0.7278699999999999
1.09435
2.28092
1.1707
1.02818
0.73296
0.73805
0.9060199999999999
1.1147099999999999
0.89584
0.73805
1.0689
0.73296
1.5778999999999999
0.7278699999999999
1.07908
0.9060199999999999
1.08926
0.7736799999999999
1.18597
0.75332
0.73296
0.7227799999999999
0.7278699999999999
1.24196
0.73296
0.7431399999999999
1.07399
1.0689
1.07399
0.7889499999999999
1.21142
0.73805
0.7431399999999999
0.74823
0.74823
0.95692
1.09435
1.3844800000000002
1.4252
1.02818
1.07399
0.91111
0.7431399999999999
0.7227799999999999
1.1147099999999999
0.7431399999999999
1.3234
1.4353799999999999
1.2216
0.73296
1.09435
0.73296
0.9161999999999999
1.42011
1.0841699999999999
0.9009299999999999
0.74823
0.73805
1.1198
0.97728
1.1147099999999999
0.75332
1.09435
0.75332
0.79913
0.7584099999999999
1.10962
0.73296
1.08926
0.73296
1.03836
0.74823
0.75332
1.07908
0.73296
1.09435
0.99255
1.0485399999999998
1.00782
1.04345
0.66679
0.66679
0.83985
1.018
1.01291
0.6769700000000001
1.1707
1.14016
1.0841699999999999
0.7635
0.73296
1.15543
0.91111
0.7584099999999999
0.7278699999999999
0.74823
1.68988
1.16561
0.73805
0.94165
0.73296
0.9212899999999999
0.73805
1.08926
1.14016
0.9212899999999999
0.73805
1.0841699999999999
0.7278699999999999
1.06381
0.73805
0.89584
0.73805
0.95692
0.7278699999999999
0.7431399999999999
0.7227799999999999
0.74823
0.73805
0.73296
0.74823
0.7278699999999999
1.0587199999999999
0.97728
1.07908
0.73296
0.93656
0.73805
1.14525
0.96201
0.73296
0.7584099999999999
0.73805
0.73805
0.79913
0.7635
1.13507
0.7431399999999999
1.10453
1.10453
0.81949
1.10453
0.89584
0.7227799999999999
0.7227799999999999
1.09944
0.9212899999999999
0.73296
0.73296
1.07908
1.08926
0.7227799999999999
1.09435
1.09435
1.10453
1.10962
1.12998
1.07399
0.9671
1.09435
0.89584
1.10962
1.06381
0.7431399999999999
0.96201
1.09435
0.92638
1.08926
0.7431399999999999
1.40484
0.7635
1.03836
1.71533
0.7278699999999999
0.73296
0.9161999999999999
0.94165
1.07908
1.0841699999999999
0.7431399999999999
0.7278699999999999
0.9161999999999999
1.10962
0.73296
0.74823
1.0841699999999999
1.07399
1.10962
1.09944
1.10962
0.7278699999999999
0.73805
0.7278699999999999
0.9314699999999999
0.73805
0.75332
0.7431399999999999
1.07399
1.07908
0.95183
1.0841699999999999
0.73296
0.73805
0.74823
1.14525
0.97728
0.74823
0.75332
1.08926
0.74823
0.79913
0.74823
1.10962
1.10453
1.10453
1.08926
0.8653000000000001
1.07399
1.09944
1.18597
1.08926
0.73805
0.91111
1.10962
0.73805
1.07908
1.1198
1.0587199999999999
1.09944
0.74823
1.08926
1.09435
0.73805
0.7431399999999999
1.01291
1.07399
0.7431399999999999
1.0841699999999999
0.74823
0.83985
0.96201
1.10453
1.10453
1.07399
1.0689
0.9671
0.75332
0.73296
0.74823
0.7278699999999999
0.9060199999999999
0.9060199999999999
0.73296
0.7278699999999999
1.09435
1.09435
0.73296
0.9009299999999999
1.08926
1.10453
0.74823
1.09435
0.74823
0.9060199999999999
0.73296
0.73805
0.73296
0.97219
0.84494
0.98237
0.73296
1.0689
0.73296
1.07399
0.75332
0.97219
1.0587199999999999
1.10453
0.73296
0.92638
0.9467399999999999
1.09435
1.07399
1.07908
1.10453
0.7431399999999999
0.9009299999999999
1.10453
1.62052
0.7584099999999999
1.09944
0.7584099999999999
0.9161999999999999
0.73805
1.09944
1.0841699999999999
1.09944
1.08926
0.8856599999999999
TEST #4
0.7431399999999999
1.10453
1.62371
0.73805
0.92638
0.9671
1.0841699999999999
1.09944
0.73296
0.7431399999999999
0.74823
0.98237
1.09944
0.73805
0.7431399999999999
1.07399
0.78386
0.78386
1.09435
0.7635
0.7431399999999999
1.08926
0.87039
1.10962
1.09435
0.97728
0.7227799999999999
0.7176899999999999
1.08926
0.7278699999999999
0.73805
1.07399
1.0536299999999998
1.09944
0.73296
1.07908
0.74823
0.73805
1.08926
1.08926
0.96201
0.73805
0.73805
0.7227799999999999
0.7278699999999999
1.23687
0.97219
0.73805
1.2266899999999998
0.73805
0.73805
0.77877
0.7431399999999999
0.73296
1.0689
0.7431399999999999
0.75332
0.86021
0.95692
1.07399
0.7736799999999999
0.7736799999999999
1.018
0.9467399999999999
1.07908
0.73805
0.7635
1.09944
2.11836
1.18088
1.19106
1.0332700000000001
1.10453
1.2216
1.1707
1.6084399999999999
0.73805
0.7431399999999999
0.73296
0.83985
0.8500300000000001
1.10962
0.98746
0.94165
1.07908
0.7278699999999999
0.79404
1.18088
1.07399
1.0587199999999999
0.74823
0.7278699999999999
0.78386
0.73805
0.7431399999999999
0.73805
1.10453
0.7431399999999999
0.9060199999999999
1.08926
1.07399
0.7584099999999999
0.7227799999999999
0.7227799999999999
0.7431399999999999
1.58299
1.07908
0.77877
1.08926
0.7431399999999999
0.7635
0.73296
0.73296
0.7278699999999999
0.73296
0.7431399999999999
0.78386
1.10962
1.10962
1.0841699999999999
0.75332
1.10962
1.0332700000000001
0.7584099999999999
1.08926
0.7431399999999999
0.73805
0.92638
1.07399
1.10453
0.7227799999999999
0.73805
1.09944
0.99255
0.7431399999999999
1.2266899999999998
1.10453
0.7431399999999999
1.09944
0.75332
0.74823
0.73296
0.75332
0.89584
0.73296
0.78386
1.07399
1.08926
1.08926
0.7431399999999999
0.7431399999999999
0.7635
1.0536299999999998
1.0689
0.7278699999999999
0.7278699999999999
0.98237
1.15034
0.92638
1.09944
0.7278699999999999
1.10453
0.7889499999999999
0.73296
0.7431399999999999
1.29286
0.73805
0.73296
0.9009299999999999
1.1147099999999999
0.73296
1.08926
0.73296
1.09435
0.9314699999999999
1.09944
1.06381
1.09435
1.1707
1.00782
1.25214
1.08926
1.08926
1.09435
0.73296
0.74823
1.01291
1.07908
1.09944
0.73296
0.7278699999999999
1.12489
1.4506499999999998
1.08926
0.7431399999999999
0.7736799999999999
1.0689
0.9161999999999999
1.0841699999999999
0.92638
0.73296
0.7176899999999999
1.10453
0.9212899999999999
1.07908
1.09435
0.7227799999999999
0.74823
0.9314699999999999
0.89584
1.09435
0.7584099999999999
0.7431399999999999
1.09435
0.7431399999999999
0.98237
0.74823
1.09944
0.74823
0.75332
1.19106
1.14525
1.07908
0.7278699999999999
0.7431399999999999
1.09944
0.88057
1.0587199999999999
0.7431399999999999
1.0689
1.10453
0.7227799999999999
0.93656
1.0689
1.10453
0.7584099999999999
1.09944
0.76859
0.98746
1.06381
1.09435
0.7278699999999999
1.07908
1.06381
0.8907499999999999
1.08926
1.0841699999999999
0.9009299999999999
1.0841699999999999
0.73296
0.9314699999999999
1.10962
0.73805
1.07908
1.08926
0.74823
0.97728
1.08926
1.06381
1.10962
1.0841699999999999
0.7889499999999999
1.10453
1.09435
1.09944
0.74823
0.73296
0.7889499999999999
1.12998
1.1147099999999999
0.73296
0.73296
0.73805
1.06381
0.73805
0.74823
0.73296
1.08926
0.74823
0.9009299999999999
1.09435
1.34885
1.07908
0.7227799999999999
0.7431399999999999
0.94165
0.7431399999999999
1.1147099999999999
0.73296
0.74823
0.92638
0.9671
1.09944
0.7584099999999999
0.97728
0.75332
1.10962
0.76859
0.7431399999999999
0.73296
0.7431399999999999
0.7278699999999999
0.78386
0.7431399999999999
1.15034
0.73296
0.7278699999999999
1.07908
0.9060199999999999
0.7278699999999999
1.07399
0.74823
0.74823
0.9314699999999999
0.92638
1.07908
1.07908
0.7431399999999999
1.07399
0.73296
0.96201
1.10453
0.73805
0.7278699999999999
1.1757900000000001
1.09435
0.79404
1.09435
0.7584099999999999
0.75332
1.09435
0.78386
1.018
0.7278699999999999
1.06381
0.73296
1.09435
0.97728
1.09944
1.10453
0.7176899999999999
1.0841699999999999
1.09944
0.99764
1.1147099999999999
1.09944
1.09435
1.07399
1.08926
0.7584099999999999
1.08926
0.73296
0.73296
1.0689
0.73296
0.78386
1.1198
0.82458
1.10962
0.7278699999999999
0.73296
0.7889499999999999
0.73805
1.12489
0.7431399999999999
0.75332
0.8042199999999999
1.0841699999999999
0.76859
0.74823
0.74823
0.94165
0.78386
0.73805
0.74823
0.73296
1.10962
0.73296
0.9009299999999999
1.09435
1.10453
1.08926
1.09435
1.07908
0.7278699999999999
0.73296
1.09944
0.73805
0.7278699999999999
0.7278699999999999
1.0332700000000001
1.08926
0.73296
1.0841699999999999
0.7227799999999999
0.7431399999999999
0.98237
0.79404
0.7278699999999999
1.06381
0.73805
0.95183
1.00782
1.09435
1.1147099999999999
0.7278699999999999
0.92638
0.97219
1.0841699999999999
1.1147099999999999
0.9467399999999999
1.09435
1.0689
0.88057
0.74823
1.12489
0.7278699999999999
1.08926
1.08926
1.07908
1.09944
1.09435
0.82458
1.3844800000000002
0.7278699999999999
1.14016
0.73296
0.73296
0.9467399999999999
0.95183
0.73296
0.8042199999999999
1.09435
1.1147099999999999
0.73296
0.73805
1.2266899999999998
0.7889499999999999
1.08926
0.9314699999999999
0.74823
0.74823
1.21651
0.8500300000000001
0.75332
0.73805
0.7431399999999999
0.74823
0.7635
1.08926
1.06381
0.7278699999999999
0.73805
1.07399
0.8907499999999999
1.09944
0.7278699999999999
0.8907499999999999
1.10453
0.73296
0.7431399999999999
1.14016
1.09435
0.7278699999999999
1.07908
0.7278699999999999
1.44047
1.10453
0.73296
1.10962
0.73296
0.75332
0.7584099999999999
0.7278699999999999
1.13507
0.7278699999999999
0.7227799999999999
0.97728
1.09944
0.9161999999999999
1.07908
1.07399
0.7278699999999999
0.8347600000000001
0.73805
1.07399
0.74823
1.10962
1.10962
0.92638
0.74823
0.92638
1.07908
0.73805
1.09944
0.9009299999999999
0.93656
0.7278699999999999
1.09435
1.10453
0.7278699999999999
0.97219
1.07399
1.08926
0.7431399999999999
1.07399
0.74823
0.98746
1.08926
1.1757900000000001
1.07908
0.73296
0.98237
0.74823
TEST #5
1.09944
0.74823
0.75332
0.75332
0.79404
1.0841699999999999
0.7736799999999999
0.76859
1.09944
1.0841699999999999
0.73296
1.07399
0.77877
1.10453
0.73296
1.01291
0.9009299999999999
0.73805
1.09435
0.73296
0.7431399999999999
0.74823
1.0587199999999999
1.09944
0.7278699999999999
0.95183
0.73296
0.77877
0.97219
0.73805
0.73296
0.73805
1.08926
0.79913
0.7584099999999999
0.7278699999999999
1.09944
0.7227799999999999
1.09944
0.79404
1.09435
1.07908
0.73296
0.7227799999999999
0.87039
0.89584
1.09435
0.73805
0.7278699999999999
0.7278699999999999
0.73296
1.0689
1.08926
1.10962
0.73296
1.018
1.07908
0.94165
1.07399
0.7176899999999999
1.1198
0.9060199999999999
1.09944
0.7889499999999999
1.08926
1.10962
1.12489
0.91111
1.08926
1.0689
1.07908
0.7278699999999999
0.7278699999999999
1.10962
0.8042199999999999
1.10453
1.07399
0.7635
0.7635
0.73296
0.74823
1.09944
1.1198
0.74823
0.7431399999999999
1.10453
0.91111
0.73296
0.7431399999999999
0.7278699999999999
1.09435
0.7431399999999999
0.95692
0.73805
1.09435
0.73296
0.73296
0.7278699999999999
0.9314699999999999
0.73805
1.08926
0.74823
1.08926
0.95183
0.73805
1.0689
0.73296
1.07908
0.7278699999999999
0.79404
1.09435
1.19106
0.75332
1.10453
0.7227799999999999
0.89584
0.7278699999999999
1.09435
1.0689
1.09435
1.0689
0.9212899999999999
0.75332
0.9212899999999999
1.01291
0.7736799999999999
0.93656
0.98237
1.1147099999999999
0.7278699999999999
1.0689
1.10453
0.73296
0.7889499999999999
1.0841699999999999
0.82458
1.0689
1.07908
0.78386
0.98237
0.73805
1.09435
1.08926
1.0689
0.77877
1.08926
1.07399
1.07399
1.10453
1.09435
1.15034
0.7278699999999999
1.07908
1.10962
1.10962
1.10453
0.7584099999999999
0.7431399999999999
1.10962
1.14016
0.7431399999999999
1.08926
0.9212899999999999
0.7278699999999999
1.07399
0.73296
0.73296
1.09435
0.7889499999999999
0.73805
0.7278699999999999
1.14016
0.7635
0.7431399999999999
0.7431399999999999
1.12489
0.7431399999999999
0.7431399999999999
1.07908
0.8042199999999999
0.73805
1.08926
0.73296
0.73296
0.92638
0.79404
1.06381
0.7227799999999999
1.0689
1.08926
0.74823
0.91111
0.73296
1.10962
0.7278699999999999
1.07399
0.7431399999999999
1.0689
0.73296
1.09435
0.91111
1.07908
0.74823
0.76859
1.09944
1.09435
1.09435
1.10453
1.07908
0.78386
1.07908
1.07908
0.7431399999999999
1.07399
0.77877
0.97728
1.08926
1.08926
0.7584099999999999
0.75332
0.85512
0.73805
1.06381
1.09435
1.07399
1.2012399999999999
1.2012399999999999
1.44047
1.0332700000000001
0.7584099999999999
0.75332
0.9467399999999999
1.09435
1.08926
1.10962
0.73805
1.10962
0.7584099999999999
0.91111
1.0841699999999999
1.08926
0.7278699999999999
0.73296
0.7635
0.96201
0.75332
1.07399
0.73805
1.0689
1.24196
0.96201
0.95183
1.1198
1.07399
0.73805
0.79913
1.07399
1.21142
1.08926
0.75332
0.73296
0.92638
0.7278699999999999
1.09435
0.73296
0.75332
1.07399
0.7431399999999999
1.0841699999999999
0.73296
1.08926
0.7278699999999999
0.73805
0.9161999999999999
1.08926
0.7431399999999999
0.73805
0.9161999999999999
1.14016
0.95183
1.09944
0.75332
0.73296
1.08926
0.7584099999999999
0.97219
1.12489
1.018
0.73805
1.07908
0.80931
1.10962
0.73296
1.07908
0.7431399999999999
1.08926
0.9314699999999999
1.09944
1.07399
0.7278699999999999
0.9467399999999999
0.9009299999999999
1.12489
0.7278699999999999
1.09944
1.0587199999999999
1.1198
0.9314699999999999
0.9314699999999999
1.0841699999999999
1.10962
1.08926
1.12998
1.09435
0.75332
0.73296
0.73296
0.7278699999999999
0.7278699999999999
0.7431399999999999
0.95692
0.7278699999999999
0.73296
1.1198
1.09944
0.7889499999999999
1.12489
0.73805
1.0689
0.73805
0.78386
0.79404
1.09435
1.0841699999999999
0.7431399999999999
1.0841699999999999
0.73296
1.0027300000000001
0.75332
1.07399
0.73805
0.73805
0.73296
1.00782
1.09435
0.7431399999999999
0.73296
1.10453
0.92638
1.0485399999999998
1.0841699999999999
0.73805
1.0841699999999999
0.73296
0.73805
0.79404
0.93656
0.73805
1.0689
0.73296
1.10962
1.00782
0.7584099999999999
1.07908
1.09435
1.07399
0.77877
1.0841699999999999
1.07908
1.08926
0.7431399999999999
1.08926
0.9314699999999999
1.43029
0.89584
1.07399
0.73805
0.73805
0.9314699999999999
1.07908
1.13507
0.75332
1.0841699999999999
0.78386
1.04345
0.7635
0.98237
1.09944
0.7736799999999999
1.12998
1.24705
1.1198
1.07908
1.07399
0.7431399999999999
0.7431399999999999
0.79404
0.7431399999999999
0.7278699999999999
1.07908
1.07399
0.8144
0.7584099999999999
0.73296
1.09435
1.0689
0.7278699999999999
0.79913
0.73805
1.0689
1.10962
0.7278699999999999
0.73805
0.93656
1.07908
1.07908
1.39975
0.73805
0.73805
0.89584
0.73296
1.10962
0.7278699999999999
0.73296
0.74823
0.9161999999999999
0.73805
0.73296
0.7278699999999999
0.95692
0.7584099999999999
0.99255
0.73296
1.0841699999999999
0.79913
1.1198
0.76859
0.7431399999999999
1.09435
1.07399
0.7889499999999999
0.9161999999999999
1.10962
1.14016
1.08926
0.7431399999999999
1.08926
0.7278699999999999
1.09944
1.08926
1.08926
1.09435
0.73296
1.08926
0.9314699999999999
1.0841699999999999
0.97219
1.09944
1.13507
0.7635
0.83985
1.09944
1.09435
0.7431399999999999
1.12489
1.0841699999999999
0.96201
1.08926
1.07908
1.08926
1.06381
0.73296
1.14525
1.0841699999999999
0.73296
1.10453
1.07399
1.24705
0.7889499999999999
0.7431399999999999
1.10453
1.0536299999999998
0.7431399999999999
0.7889499999999999
0.73805
1.07399
1.0841699999999999
0.7227799999999999
0.7278699999999999
0.7584099999999999
0.7278699999999999
1.0689
0.7278699999999999
0.73805
1.08926
0.7227799999999999
0.7431399999999999
1.06381
1.09435
1.09435
0.7431399999999999
0.7278699999999999
1.0485399999999998
0.7176899999999999
1.08926
0.7278699999999999
1.0841699999999999
0.95692
0.7227799999999999
0.7431399999999999
0.73296
1.0689
0.7584099999999999
0.97219