TEST #1
1.03836
1.018
0.99764
0.99764
0.99764
0.99255
0.99255
0.98746
0.98746
1.01291
0.98746
1.0027300000000001
0.99255
0.98237
0.98237
1.0485399999999998
0.99764
0.97728
0.98237
0.97728
0.97728
0.98237
0.97728
0.99255
0.97728
0.97219
0.97728
0.9671
0.97728
0.9671
0.9671
0.9671
0.97219
1.0027300000000001
0.97219
0.96201
0.97728
0.97219
0.9671
0.96201
0.9671
0.95692
0.95692
0.95692
0.95692
0.95692
1.0027300000000001
0.95692
0.95692
0.95692
0.95183
0.95183
0.95183
0.95183
0.95183
0.95183
0.95183
0.95183
0.95692
0.95183
0.95183
0.95183
0.9467399999999999
0.94165
0.94165
0.94165
0.93656
0.9671
0.94165
0.93656
0.93656
0.93656
0.98237
0.93656
0.93656
1.0027300000000001
0.9314699999999999
0.94165
0.9314699999999999
0.9314699999999999
0.9314699999999999
0.9314699999999999
0.93656
0.9314699999999999
0.92638
0.9314699999999999
1.01291
0.92638
0.92638
0.92638
0.92638
0.92638
0.9212899999999999
1.36412
1.3844800000000002
1.36412
1.36412
0.9467399999999999
0.9212899999999999
0.9212899999999999
0.9212899999999999
0.93656
0.9161999999999999
0.9161999999999999
0.9161999999999999
0.9161999999999999
0.9161999999999999
0.9212899999999999
0.9161999999999999
0.91111
0.92638
0.91111
0.91111
0.9161999999999999
0.9161999999999999
0.91111
0.9161999999999999
0.91111
0.95183
0.94165
0.91111
0.9314699999999999
0.91111
0.91111
0.9060199999999999
0.9060199999999999
0.9161999999999999
0.91111
0.9060199999999999
0.9009299999999999
0.9060199999999999
0.92638
0.91111
0.9060199999999999
0.9009299999999999
0.28559999999999997
0.28559999999999997
0.28559999999999997
0.28559999999999997
0.28559999999999997
0.28049999999999997
0.28559999999999997
0.28559999999999997
0.2958
0.3213
0.28049999999999997
0.28049999999999997
0.28559999999999997
0.28559999999999997
0.2907
0.28049999999999997
0.28559999999999997
0.28559999999999997
0.28049999999999997
0.28049999999999997
0.28049999999999997
0.28049999999999997
0.28559999999999997
0.28049999999999997
0.28049999999999997
0.28049999999999997
0.28049999999999997
0.28559999999999997
0.28049999999999997
0.28049999999999997
0.2958
0.28049999999999997
0.27995
0.28049999999999997
0.2754
0.28049999999999997
0.28049999999999997
0.28049999999999997
0.28049999999999997
0.28049999999999997
0.28049999999999997
0.28049999999999997
0.30089999999999995
0.3111
0.28049999999999997
0.28049999999999997
0.28559999999999997
0.28049999999999997
0.2754
0.28049999999999997
0.2754
0.2754
0.2754
0.2754
0.28049999999999997
0.3111
0.28559999999999997
0.28049999999999997
0.2754
0.28049999999999997
0.2754
0.28049999999999997
0.28559999999999997
0.28049999999999997
0.2907
0.2754
0.2958
0.2754
0.28559999999999997
0.2754
0.28049999999999997
0.28049999999999997
0.2754
0.28049999999999997
0.28559999999999997
0.28049999999999997
0.2754
0.2754
0.2754
0.2754
0.28049999999999997
0.28559999999999997
0.28049999999999997
0.2754
0.28049999999999997
0.28049999999999997
0.28049999999999997
0.28049999999999997
0.28049999999999997
0.2754
0.2754
0.28049999999999997
0.28049999999999997
0.28049999999999997
0.28049999999999997
0.28049999999999997
0.28559999999999997
0.28559999999999997
0.2754
0.2754
0.28049999999999997
0.3162
0.28049999999999997
0.2754
0.2754
0.2754
0.2754
0.28049999999999997
0.28049999999999997
0.2754
0.28049999999999997
0.2754
0.2754
0.28049999999999997
0.2754
0.28049999999999997
0.2754
0.2754
0.2754
0.28049999999999997
0.28049999999999997
0.2754
0.2754
0.2958
0.2754
0.28049999999999997
0.2754
0.2754
0.2754
0.2754
0.28559999999999997
0.2754
0.2754
0.2754
0.2754
0.2754
0.28559999999999997
0.2754
0.2754
0.28049999999999997
0.2754
0.2754
0.2754
0.2754
0.2703
0.2703
0.2703
0.28049999999999997
0.2703
0.28049999999999997
0.2703
0.2703
0.2703
0.2754
0.2703
0.2754
0.2754
0.2703
0.2703
0.28049999999999997
0.2703
0.2703
0.2754
0.2754
0.2703
0.306
0.2754
0.2754
0.28049999999999997
0.2703
0.2703
0.28049999999999997
0.2703
0.2754
0.2703
0.2754
0.2754
0.28049999999999997
0.3111
0.2754
0.2754
0.2754
0.2754
0.2754
0.2754
0.2754
0.306
0.2754
0.2703
0.2754
0.28049999999999997
0.2703
0.2754
0.2754
0.2754
0.28049999999999997
0.2754
0.2703
0.2754
0.2703
0.2703
0.28049999999999997
0.28049999999999997
0.2754
0.2703
0.2754
0.2754
0.2703
0.2754
0.28049999999999997
0.2703
0.2703
0.28049999999999997
0.2703
0.28049999999999997
0.2754
0.2958
0.2703
0.28049999999999997
0.2754
0.2703
0.2703
0.2754
0.2703
0.30089999999999995
0.28049999999999997
0.2703
0.2703
0.2703
0.2703
0.2703
0.2754
0.2754
0.2703
0.2703
0.2754
0.28049999999999997
0.7278699999999999
0.69733
0.69733
0.54463
0.69733
0.69733
0.70242
0.54972
0.36719999999999997
0.2703
0.2703
0.2703
1.04345
0.69733
0.69733
0.55481
0.5599
0.54972
0.2703
0.2703
0.2754
0.2703
0.2703
0.2754
0.2703
0.2754
0.3111
0.2703
0.2703
0.2703
0.2703
0.2754
0.2754
0.28049999999999997
0.2703
0.2754
0.2754
0.2754
0.2703
0.2703
0.2703
0.2703
0.2703
0.2703
0.2703
0.2703
0.2703
0.2703
0.2703
0.2703
0.2703
0.2703
0.2703
0.2703
0.2703
0.2703
0.2703
0.2703
0.2703
0.2703
0.28559999999999997
0.2703
0.2703
0.28049999999999997
0.2703
0.2754
0.2703
0.2703
0.2703
0.2754
0.2754
0.2703
0.28049999999999997
0.2703
0.2703
0.2703
0.2754
0.2754
0.2703
0.2703
0.28559999999999997
0.28049999999999997
0.2754
0.2703
0.306
0.28049999999999997
0.28049999999999997
0.2703
0.2703
0.2703
0.2703
0.2703
0.2703
0.2703
0.306
0.2703
0.2703
0.30089999999999995
0.2703
0.2703
0.2703
0.2703
0.2703
0.2703
0.2703
0.2703
0.2703
0.2703
0.2703
0.28049999999999997
0.2703
0.2703
0.2703
0.2703
0.2703
0.2703
0.2703
0.2703
0.2703
0.2703
0.2703
0.2703
0.2703
0.2703
0.2754
0.2754
0.2703
0.2703
0.2703
0.2703
0.2703
0.2703
0.2703
0.2703
0.2907
0.2703
0.2703
0.2703
0.2703
0.2703
0.2754
TEST #2
0.2703
0.2703
0.30089999999999995
0.2703
0.2703
0.2703
0.2703
0.2703
0.2703
0.2703
0.2754
0.2703
0.2703
0.2703
0.2958
0.28559999999999997
0.2754
0.2703
0.2703
0.2703
0.2703
0.2703
0.2703
0.2703
0.2703
0.2703
0.2754
0.3162
0.2703
0.2703
0.2754
0.2703
0.28049999999999997
0.2703
0.2703
0.2703
0.2703
0.2703
0.2703
0.2703
0.2703
0.2703
0.2703
0.2703
0.2703
0.2652
0.2703
0.2703
0.2703
0.28049999999999997
0.2703
0.2703
0.2703
0.2703
0.2703
0.2652
0.2703
0.2754
0.2703
0.2652
0.2703
0.2703
0.2703
0.2703
0.28559999999999997
0.2703
0.2703
0.28559999999999997
0.2703
0.2754
0.28049999999999997
0.2703
0.2703
0.2958
0.2703
0.2703
0.2703
0.2703
0.2703
0.2703
0.2703
0.28049999999999997
0.3468
0.28049999999999997
0.2907
0.2703
0.2703
0.2703
0.2703
0.2703
0.2703
0.2703
0.2703
0.2652
0.2703
0.28049999999999997
0.2703
0.2703
0.2754
0.3111
0.2703
0.2703
0.91111
0.2703
0.2754
0.2703
0.2703
0.2652
0.2703
0.2703
0.2703
0.28559999999999997
0.2958
0.2907
0.2703
0.28049999999999997
0.2703
0.28049999999999997
0.2703
0.2703
0.2652
0.2754
0.2703
0.2703
0.30089999999999995
0.2703
0.2703
0.41309999999999997
0.43859999999999993
0.2958
0.46409999999999996
0.38249999999999995
0.3111
0.36719999999999997
0.2703
0.28049999999999997
0.45899999999999996
0.3213
0.48864
1.10962
0.3213
0.5967
0.2703
0.2652
0.2652
0.2652
0.2652
0.2703
0.2652
0.30089999999999995
0.2958
0.2703
0.2703
0.2652
0.2703
0.2703
0.2703
0.2703
0.2703
0.2703
0.2703
0.2703
0.2703
0.2652
0.2703
0.2703
0.2703
0.2703
0.2703
0.2703
0.2703
0.2703
0.28049999999999997
0.2703
0.2703
0.2703
0.2703
0.2703
0.2703
0.2652
0.2703
0.2703
0.2703
0.2754
0.2703
0.28049999999999997
0.2703
0.2703
0.2703
0.2703
0.2703
0.2703
0.2703
0.2703
0.2703
0.2652
0.2703
0.2703
0.2703
0.2652
0.2703
0.2703
0.2703
0.2703
0.2652
0.2703
0.2703
0.2703
0.2652
0.2754
0.2754
0.2703
0.68715
0.68715
0.68715
0.2703
0.2703
0.2703
0.2703
0.2703
0.2703
0.2703
0.306
0.28049999999999997
0.2703
0.2703
0.2703
0.2703
0.2652
0.2703
0.2703
0.2754
0.2652
0.2652
0.2703
0.30089999999999995
0.2703
0.2754
0.2703
0.2703
0.2703
0.2703
0.2703
0.2703
0.2703
0.2703
0.2703
0.2754
0.2754
0.2703
0.2703
0.2652
1.10962
0.2907
0.2703
0.2703
0.28049999999999997
0.30089999999999995
0.2703
0.2703
0.2703
0.2652
0.2703
0.2652
0.2703
0.2754
0.2703
0.2703
0.2703
0.2703
0.2703
0.2754
0.2703
0.2703
0.2754
0.2703
0.2703
0.2703
0.2703
0.2754
0.2703
0.306
0.28049999999999997
0.2703
0.2703
0.2703
0.2703
0.2703
0.28049999999999997
0.2958
0.2703
0.2703
0.2703
0.2754
0.30089999999999995
0.2703
0.2703
0.2703
0.2703
0.2703
0.2703
0.2703
0.2703
0.2703
0.2703
0.28049999999999997
0.2907
0.2754
0.2703
0.2703
0.2703
0.2703
0.2703
0.2703
0.2703
0.2703
0.2703
0.2703
0.2703
0.28049999999999997
0.306
0.2703
0.2754
0.2652
0.2703
0.2703
0.2703
0.2652
0.2703
0.2652
0.2703
0.2703
0.2907
0.2703
0.2703
0.2703
0.2703
0.2652
0.2703
0.2703
0.2703
0.2703
0.2703
0.2703
0.2703
0.2703
0.2652
0.2652
0.2703
0.2703
0.2703
0.2703
0.2652
0.2703
0.2703
0.2703
0.2703
0.2703
0.2703
0.2703
0.2652
0.2703
0.28049999999999997
0.2703
0.2703
0.2703
0.28049999999999997
0.2652
0.2652
0.2703
0.2652
0.2703
0.2652
0.2703
0.2652
0.2703
0.28049999999999997
0.2703
0.30089999999999995
0.2652
0.2703
0.2703
0.2703
0.2703
0.2703
0.2652
0.2652
0.2652
0.2703
0.2652
0.3620999999999999
0.306
0.2652
0.2652
0.2703
0.2652
0.2703
0.2703
0.2703
0.2652
0.2703
0.2652
0.2652
0.2652
0.2652
0.2652
0.2703
0.2958
0.2703
0.2703
0.2652
0.2703
0.2652
0.2652
0.2703
0.2652
0.2652
0.2703
0.2703
0.2652
0.2703
0.2703
0.2652
0.2652
0.2703
0.2754
0.2703
0.28049999999999997
0.2652
0.2652
0.2703
0.2652
0.2652
0.2652
0.2652
0.2652
0.2703
0.2703
0.2703
0.2703
0.2652
0.2703
0.2652
0.2754
0.2754
0.2703
0.2652
0.2703
0.2703
0.2703
0.2652
0.28049999999999997
0.2703
0.2652
0.2652
0.2652
0.2652
0.2652
0.2652
0.2652
0.2703
0.2703
0.28049999999999997
0.2958
0.306
0.2703
0.2703
0.2703
0.2652
0.2652
0.2703
0.2703
0.2703
0.2703
0.2703
0.2652
0.2958
0.2652
0.2703
0.2754
0.2652
0.2754
0.2703
0.2652
0.2703
0.2652
0.2703
0.2652
0.2703
0.28559999999999997
0.3111
0.2652
0.2652
0.2703
0.2703
0.2703
0.2703
0.2754
0.2703
0.2703
0.2703
0.2652
0.2754
0.2703
0.2754
0.2652
0.2652
0.2652
0.2703
0.2703
0.2652
0.2703
TEST #3
0.2652
0.2652
0.2652
0.2907
0.306
0.2652
0.2652
0.2652
0.2754
0.2703
0.2652
0.2652
0.2652
0.2703
0.2652
0.2652
0.2703
0.2958
0.2652
0.2652
0.2652
0.2652
0.2652
0.2652
0.2652
0.2652
0.2652
0.2652
0.2652
0.28559999999999997
0.30089999999999995
0.2652
0.2652
0.2652
0.2652
0.2652
0.2652
0.2652
0.2652
0.2652
0.2652
0.30089999999999995
0.2703
0.2652
0.2652
0.2652
0.2652
0.2652
0.2652
0.2652
0.2652
0.2652
0.2652
0.2652
0.28049999999999997
0.2652
0.2652
0.2652
0.2652
0.2703
0.2754
0.2703
0.2652
0.2652
0.2652
0.2652
0.2652
0.2652
0.2652
0.2754
0.2652
0.2703
0.2652
0.2703
0.2703
0.2703
0.2754
0.2703
0.2652
0.2652
0.2652
0.2652
0.2652
0.2652
0.2652
0.2652
0.2652
0.30089999999999995
0.30089999999999995
0.28559999999999997
0.2652
0.2652
0.2652
0.2652
0.2652
0.2652
0.2652
0.2652
0.2652
0.2652
0.2652
0.2958
0.2652
0.2754
0.2703
0.2652
0.2652
0.2652
0.2652
0.2652
0.2652
0.2754
0.2652
0.2652
0.2958
0.2907
0.2652
0.2703
0.2652
0.2652
0.2652
0.2652
0.2907
0.2652
0.2652
0.2652
0.2652
0.28559999999999997
0.2652
0.2652
0.2652
0.2652
0.2652
0.2652
0.2652
0.2652
0.2652
0.2652
0.2652
0.2652
0.2703
0.2652
0.2652
0.2652
0.2652
0.2652
0.2652
0.2652
0.2652
0.2652
0.2652
0.2754
0.2652
0.2652
0.2652
0.2652
0.306
0.2652
0.2652
0.2652
0.2652
0.28049999999999997
0.2652
0.2652
0.2652
0.2703
0.2652
0.2652
0.2703
0.2652
0.2652
0.2703
0.2652
0.2907
0.2958
0.2652
0.2652
0.2652
0.2652
0.2703
0.26009999999999994
0.26009999999999994
0.2652
0.2652
0.2652
0.2652
0.2703
0.2652
0.2652
0.2652
0.2652
0.2652
0.2652
0.2652
0.2703
0.2652
0.2652
0.2652
0.2652
0.2652
0.2703
0.2652
0.2652
0.2652
0.2703
0.2652
0.2652
0.2652
0.2652
0.2703
0.2652
0.2652
0.2652
0.2652
0.2652
0.2652
0.2652
0.2652
0.2652
0.2703
0.28049999999999997
0.2652
0.2652
0.2652
0.2652
0.2652
0.2652
0.2652
0.2652
0.2652
0.2652
0.2652
0.2958
0.2958
0.7075100000000001
0.2652
0.2652
0.2652
0.30089999999999995
0.2652
0.2652
0.2652
0.2703
0.2958
0.2652
0.2958
0.2652
0.2652
0.2703
0.2652
0.2652
0.2703
0.26009999999999994
0.2652
0.2652
0.2652
0.2652
0.2652
0.30089999999999995
0.2754
0.2652
0.2652
0.2652
0.2652
0.2652
0.2703
0.2652
0.2703
0.2652
0.2652
0.2703
0.3366
0.2652
0.2652
0.2652
0.2652
0.2703
0.2652
0.2652
0.2652
0.2652
0.2652
0.28049999999999997
0.2652
0.2958
0.2652
0.2652
0.2703
0.2652
0.26009999999999994
0.2652
0.2652
0.2652
0.2652
0.2652
0.2652
0.2652
0.2907
0.26009999999999994
0.26009999999999994
0.2652
0.2652
0.2652
0.2652
0.2754
0.2652
0.2652
0.2652
0.2652
0.2652
0.2703
0.2652
0.2652
0.2652
0.2652
0.2652
0.2652
0.2652
0.2652
0.2652
0.2652
0.2703
0.2703
0.2652
0.2652
0.2652
0.2652
0.2703
0.2652
0.2652
0.2652
0.2652
0.2703
0.2652
0.2652
0.2652
0.2652
0.2652
0.2652
0.2652
0.2652
0.2652
0.2652
0.28049999999999997
0.2652
0.26009999999999994
0.2703
0.2652
0.2652
0.2652
0.2652
0.2754
0.2652
0.2652
0.2652
0.30089999999999995
0.2958
0.2652
0.2652
0.2652
0.2652
0.2652
0.2652
0.2652
0.26009999999999994
0.2652
0.26009999999999994
0.2652
0.2907
0.2652
0.2652
0.2652
0.2652
0.68715
0.6922400000000001
0.6922400000000001
0.69733
0.69733
0.6922400000000001
0.69733
0.69733
0.7126
0.69733
0.69733
0.4947
0.95183
0.70242
0.69733
0.69733
0.69733
0.69733
0.69733
0.2703
0.26009999999999994
0.2652
0.2652
0.2652
0.2652
0.2652
0.2652
0.2652
0.2652
0.2703
0.2652
0.2652
0.2652
0.2652
0.2652
0.2652
0.2754
0.2652
0.2652
0.2652
0.28049999999999997
0.2958
0.2907
0.2652
0.2652
0.2652
0.2652
0.2652
0.2652
0.2652
0.2652
0.2652
0.2652
0.2652
0.2907
0.2652
0.2652
0.2652
0.2652
0.2652
0.2652
0.2652
0.2652
0.2652
0.2652
0.2652
0.2652
0.2703
0.2652
0.2652
0.2652
0.2652
0.2652
0.2703
0.2652
0.2652
0.26009999999999994
0.408
0.2652
0.26009999999999994
0.2652
0.2652
0.2652
0.26009999999999994
0.2652
0.2652
0.26009999999999994
0.2652
0.2703
0.2652
0.3111
0.2652
0.2652
0.2652
0.2754
0.2652
0.2703
0.2703
0.2652
0.2652
0.28559999999999997
0.3162
0.2652
0.2652
0.2652
0.2652
0.2652
0.2652
0.2652
0.2652
0.2652
0.2703
0.26009999999999994
0.2652
0.2652
0.2652
0.26009999999999994
0.2652
0.2652
0.2652
0.2652
0.2652
0.2907
0.2703
0.2703
0.2652
0.2652
0.2652
0.2652
0.2652
0.2652
0.2703
0.26009999999999994
0.2652
0.2703
0.2652
0.2652
0.2652
0.2652
0.2652
TEST # 4
0.2652
0.2652
0.2652
0.2652
0.2652
0.2652
0.2652
0.2652
0.2652
0.2652
0.2652
0.2958
0.2652
0.2652
0.2652
0.2652
0.2652
0.2652
0.30089999999999995
0.2652
0.2652
0.2652
0.2652
0.2652
0.2652
0.26009999999999994
0.2652
0.2652
0.2652
0.2652
0.2652
0.26009999999999994
0.2652
0.2907
0.2754
0.2652
0.2652
0.2652
0.2652
0.2652
0.2652
0.2652
0.2652
0.2652
0.2703
0.2703
0.2958
0.2652
0.2652
0.2652
0.2703
0.2652
0.2652
0.2652
0.2652
0.2652
0.2703
0.2652
0.2652
0.26009999999999994
0.2652
0.2652
0.2652
0.2652
0.2652
0.2652
0.2652
0.2703
0.2652
0.2652
0.2652
0.2652
0.2652
0.2703
0.2652
0.2703
0.2652
0.2652
0.2652
0.2652
0.2652
0.2652
0.2652
0.2652
0.2652
0.2652
0.2652
0.2652
0.2652
0.2652
0.2652
0.2652
0.2907
0.2703
0.2652
0.2652
0.2652
0.26009999999999994
0.2652
0.2652
0.2652
0.2703
0.2652
0.2652
0.28559999999999997
0.30089999999999995
0.36719999999999997
0.2652
0.2703
0.2652
0.2652
0.2652
0.2652
0.2652
0.2652
0.2652
0.2907
0.2652
0.2652
0.2652
0.2652
0.2652
0.2652
0.2652
0.2652
0.2652
0.2652
0.2652
0.2652
0.306
0.2652
0.2652
0.2652
0.2703
0.2652
0.2652
0.2652
0.2652
0.2652
0.2703
0.2652
0.2652
0.2652
0.2652
0.2652
0.2703
0.2754
0.2652
0.26009999999999994
0.2652
0.2652
0.2958
0.2652
0.26009999999999994
0.2652
0.2652
0.2703
0.2652
0.2652
0.2652
0.26009999999999994
0.26009999999999994
0.2652
0.2652
0.2958
0.2652
0.2652
0.2703
0.2652
0.2652
0.26009999999999994
0.2652
0.2652
0.2652
0.2652
0.2652
0.2652
0.2652
0.2652
0.2652
0.2652
0.2652
0.2652
0.2652
0.2754
0.2652
0.2652
0.2652
0.2652
0.2652
0.2652
0.2652
0.2652
0.2652
0.2652
0.2652
0.2652
0.2652
0.2703
0.2652
0.2652
0.2652
0.2652
0.2652
0.2652
0.2652
0.2652
0.2652
0.2652
0.2652
0.3111
0.2652
0.2652
0.2703
0.2652
0.2652
0.2907
0.2652
0.2652
0.2652
0.2652
0.2652
0.2652
0.30089999999999995
0.2652
0.2652
0.2652
0.2703
0.2652
0.2652
0.2652
0.2703
0.2652
0.2703
0.2703
0.2652
0.2958
0.2958
0.2652
0.2652
0.2652
0.2652
0.2652
0.2652
0.3468
0.2652
0.2703
0.2652
0.2652
0.2958
0.2703
0.28049999999999997
0.2652
0.2652
0.2652
0.2652
0.2652
0.26009999999999994
0.2652
0.26009999999999994
0.2652
0.2754
0.2652
0.26009999999999994
0.26009999999999994
0.2652
0.26009999999999994
0.2652
0.26009999999999994
0.26009999999999994
0.2652
0.26009999999999994
0.26009999999999994
0.26009999999999994
0.26009999999999994
0.2652
0.26009999999999994
0.2652
0.2652
0.2652
0.2652
0.2703
0.2652
0.2652
0.28049999999999997
0.26009999999999994
0.2652
0.2652
0.2652
0.2652
0.2703
0.2652
0.2652
0.26009999999999994
0.26009999999999994
0.2652
0.2652
0.26009999999999994
0.2652
0.2652
0.2652
0.2703
0.2652
0.2652
0.2652
0.2652
0.2652
0.2703
0.2652
0.2958
0.2652
0.2652
0.2652
0.2652
0.2652
0.2652
0.2652
0.2652
0.2652
0.2652
0.2652
0.2652
0.30089999999999995
0.2652
0.2652
0.2652
0.2652
0.2652
0.2652
0.2652
0.2652
0.2652
0.2703
0.2652
0.2652
0.30089999999999995
0.28559999999999997
0.2652
0.2652
0.2652
0.2652
0.2652
0.2652
0.2652
0.2652
0.2652
0.2703
0.2703
0.2958
0.2652
0.2652
0.2652
0.2652
0.26009999999999994
0.2652
0.2652
0.2652
0.26009999999999994
0.2652
0.2652
0.2703
0.2652
0.2652
0.2652
0.2652
0.2703
0.2652
0.2652
0.2652
0.26009999999999994
0.2652
0.2652
0.2652
0.2652
0.26009999999999994
0.2652
0.26009999999999994
0.26009999999999994
0.26009999999999994
0.2652
0.26009999999999994
0.2652
0.2652
0.2652
0.2652
0.2652
0.26009999999999994
0.2652
0.2652
0.26009999999999994
0.2652
0.2652
0.2652
0.2652
0.30089999999999995
0.2754
0.2652
0.2652
0.2652
0.2652
0.2652
0.2754
0.2652
0.2652
0.2652
0.2652
0.2652
0.2958
0.2652
0.2703
0.2703
0.2652
0.2652
0.2652
0.26009999999999994
0.2754
0.2652
0.2652
0.2703
0.2652
0.2652
0.2652
0.2652
0.3620999999999999
0.2703
0.2652
0.2652
0.2958
0.2652
0.2652
0.2652
0.2652
0.2703
0.2652
0.26009999999999994
0.26009999999999994
0.26009999999999994
0.2652
0.2652
0.2652
0.2652
0.2652
0.2652
0.2703
0.2652
0.2652
0.2652
0.2652
0.2652
0.2652
0.2652
0.2652
0.2652
0.2958
0.2652
0.2652
0.2652
0.2652
0.26009999999999994
0.26009999999999994
0.26009999999999994
0.2652
0.26009999999999994
0.2652
0.26009999999999994
0.2652
0.2958
0.26009999999999994
0.26009999999999994
0.26009999999999994
0.26009999999999994
0.2652
0.2652
0.2652
0.2652
0.26009999999999994
0.2652
0.2652
0.2652
0.2907
0.26009999999999994
0.26009999999999994
0.2652
0.26009999999999994
0.26009999999999994
0.26009999999999994
0.26009999999999994
0.2652
0.2652
0.2652
0.2652
0.2652
0.2958
0.2703
0.2652
0.2652
0.2652
0.2652
0.2652
0.26009999999999994
0.2652
0.2652
0.2652
0.2652
0.2652
0.3111
0.2652
0.2652
0.2652
0.2652
0.2652
0.2703
TEST #5
0.2652
0.2652
0.2652
0.2652
0.2652
0.28049999999999997
0.2907
0.2652
0.2652
0.2652
0.2652
0.2652
0.2652
0.2652
0.2703
0.2652
0.2652
0.2754
0.2652
0.2958
0.26009999999999994
0.2652
0.2652
0.2652
0.2652
0.26009999999999994
0.2652
0.2652
0.26009999999999994
0.26009999999999994
0.2652
0.28559999999999997
0.2958
0.26009999999999994
0.2652
0.26009999999999994
0.2652
0.2652
0.2703
0.2652
0.2652
0.26009999999999994
0.2703
0.2652
0.2652
0.2958
0.2652
0.26009999999999994
0.2703
0.26009999999999994
0.2703
0.2703
0.2652
0.2703
0.2652
0.2652
0.2652
0.2652
0.2958
0.2703
0.2652
0.2652
0.2652
0.2652
0.26009999999999994
0.2652
0.2907
0.2652
0.2652
0.2652
0.2652
0.306
0.2703
0.26009999999999994
0.2652
0.26009999999999994
0.26009999999999994
0.26009999999999994
0.26009999999999994
0.26009999999999994
0.2652
0.2652
0.2703
0.26009999999999994
0.2958
0.2652
0.2652
0.2652
0.28049999999999997
0.3111
0.26009999999999994
2.7178
0.6922400000000001
0.5201999999999999
0.2652
0.26009999999999994
0.26009999999999994
0.2652
0.2652
0.26009999999999994
0.2652
0.2652
0.26009999999999994
0.2652
0.26009999999999994
0.2652
0.2652
0.26009999999999994
0.2652
0.2652
0.2652
0.26009999999999994
0.26009999999999994
0.2652
0.2652
0.26009999999999994
0.2652
0.2703
0.2652
0.26009999999999994
0.26009999999999994
0.2652
0.26009999999999994
0.2652
0.2652
0.26009999999999994
0.2652
0.2652
0.2652
0.2652
0.30089999999999995
0.2907
0.26009999999999994
0.2652
0.26009999999999994
0.26009999999999994
0.2703
0.2652
0.2652
0.26009999999999994
0.2652
0.2652
0.2754
0.28559999999999997
0.26009999999999994
0.26009999999999994
0.26009999999999994
0.2652
0.26009999999999994
0.26009999999999994
0.26009999999999994
0.26009999999999994
0.26009999999999994
0.2754
0.2652
0.2703
0.2652
0.26009999999999994
0.26009999999999994
0.2703
0.26009999999999994
0.2652
0.2652
0.2652
0.26009999999999994
0.2652
0.26009999999999994
0.26009999999999994
0.26009999999999994
0.2703
0.2652
0.2652
0.2652
0.26009999999999994
0.26009999999999994
0.2703
0.26009999999999994
0.28049999999999997
0.26009999999999994
0.26009999999999994
0.26009999999999994
0.2652
0.2652
0.2652
0.2652
0.2652
0.26009999999999994
0.2652
0.2652
0.2652
0.2652
0.2652
0.2652
0.2703
0.26009999999999994
0.2652
0.26009999999999994
0.26009999999999994
0.2652
0.2703
0.26009999999999994
0.2652
0.26009999999999994
0.28559999999999997
0.2652
0.2652
0.2652
0.2652
0.2652
0.2652
0.2652
0.2652
0.2652
0.2652
0.2652
0.28559999999999997
0.30089999999999995
0.2652
0.2652
0.26009999999999994
0.2754
0.2652
0.2652
0.2652
0.2652
0.2652
0.2652
0.2652
0.2652
0.26009999999999994
0.26009999999999994
0.26009999999999994
0.2652
0.2652
0.2652
0.2703
0.2652
0.26009999999999994
0.26009999999999994
0.26009999999999994
0.2652
0.2652
0.26009999999999994
0.26009999999999994
0.26009999999999994
0.2652
0.26009999999999994
0.2652
1.7000600000000001
0.91111
0.6922400000000001
0.6922400000000001
0.26009999999999994
0.2652
0.26009999999999994
0.2652
0.28559999999999997
0.26009999999999994
0.26009999999999994
0.2652
0.2652
0.26009999999999994
0.2754
0.2703
0.2703
0.2652
0.2652
0.2652
0.2652
0.26009999999999994
0.26009999999999994
0.2652
0.2652
0.2652
0.2958
0.26009999999999994
0.26009999999999994
0.2652
0.2703
0.2703
0.2652
0.26009999999999994
0.2703
0.2652
0.26009999999999994
0.2652
0.26009999999999994
0.30089999999999995
0.2652
0.2652
0.2652
0.2652
0.2652
0.2652
0.2652
0.2652
0.2652
0.2703
0.2652
0.26009999999999994
0.26009999999999994
0.28049999999999997
0.2652
0.26009999999999994
0.26009999999999994
0.2652
0.2652
0.26009999999999994
0.26009999999999994
0.2652
0.2652
0.2652
0.2652
0.2652
0.2652
0.2652
0.2652
0.26009999999999994
0.26009999999999994
0.2652
0.2652
0.2652
0.2652
0.26009999999999994
0.2652
0.2652
0.2652
0.2652
0.2652
0.2652
0.2652
0.2652
0.30089999999999995
0.30089999999999995
0.2652
0.2652
0.2652
0.26009999999999994
0.2652
0.2652
0.26009999999999994
0.2652
0.26009999999999994
0.2703
0.2703
0.2958
0.2907
0.2652
0.2652
0.2652
0.2652
0.2652
0.26009999999999994
0.2652
0.2652
0.2652
0.2652
0.26009999999999994
0.30089999999999995
0.26009999999999994
0.2652
0.2652
0.2652
0.2652
0.2652
0.2652
0.69733
0.70242
0.69733
0.69733
0.69733
0.5457
0.44369999999999993
0.2652
0.28559999999999997
0.26009999999999994
0.2652
0.26009999999999994
0.95692
0.69733
0.69733
0.69733
0.69733
0.6922400000000001
0.6922400000000001
0.6922400000000001
0.6922400000000001
0.6922400000000001
0.69733
0.69733
0.69733
0.69733
0.6922400000000001
0.69733
0.69733
0.69733
0.69733
0.69733
0.69733
0.69733
0.69733
0.69733
0.69733
0.2754
0.30089999999999995
0.2652
0.2754
0.26009999999999994
0.26009999999999994
0.2652
0.2652
0.2652
0.2652
0.2652
0.2652
0.26009999999999994
0.26009999999999994
0.30089999999999995
0.2652
0.26009999999999994
0.2652
0.26009999999999994
0.2652
0.26009999999999994
0.26009999999999994
0.2652
0.2703
0.2652
0.2652
0.2652
0.2652
0.26009999999999994
0.26009999999999994
0.2652
0.28559999999999997
0.2652
0.2652
0.2652
0.26009999999999994
0.26009999999999994
0.26009999999999994
0.26009999999999994
0.2652
0.2652
0.2652
0.2652
0.26009999999999994
0.28559999999999997
0.26009999999999994
0.26009999999999994
0.2652
0.2652
0.2754
0.26009999999999994
0.2652
0.2652
0.26009999999999994
0.26009999999999994
0.26009999999999994
0.26009999999999994
0.28049999999999997
0.26009999999999994
0.26009999999999994
0.2754
0.2652
0.26009999999999994
0.2652
0.2652
0.2652
0.2652
0.2652
0.26009999999999994
0.2652
0.26009999999999994
0.2703
0.2958
0.2754
0.26009999999999994
0.2652
0.2652
0.2652
0.2652
0.2652
0.26009999999999994
0.26009999999999994
0.2652
0.2652
0.2652
0.30089999999999995
0.2703
0.26009999999999994
0.2703
0.26009999999999994
0.26009999999999994
0.26009999999999994
0.26009999999999994
0.26009999999999994
0.2652
0.26009999999999994
0.2652
0.2652
0.26009999999999994
0.2652
0.26009999999999994
0.26009999999999994
0.2652
0.26009999999999994
0.2652
0.2703
0.2652
0.2652
0.28049999999999997
