TEST #1
0.43265000000000003
0.33594
0.35121
0.3563
0.32067
0.32067
0.98237
0.36138999999999993
0.31049
0.32067
0.3162
0.3111
0.64134
0.7176899999999999
0.33085
0.31557999999999997
0.32067
0.31557999999999997
0.31557999999999997
0.3468
0.31557999999999997
0.31557999999999997
0.31557999999999997
0.31557999999999997
0.31557999999999997
0.31557999999999997
0.31557999999999997
0.31557999999999997
0.357
0.3162
0.3162
0.3111
0.3417
0.3162
0.3054
0.31049
0.306
0.30089999999999995
0.31049
0.31049
0.32067
0.32067
0.306
0.3111
0.32576
0.30030999999999997
0.31557999999999997
0.3054
0.31049
0.30030999999999997
0.306
0.33594
0.30089999999999995
0.31049
1.30048
0.32067
0.3054
0.3054
0.306
0.65661
0.33594
0.3162
0.31049
0.31049
0.33594
0.30030999999999997
0.3054
0.30089999999999995
0.31049
0.31557999999999997
0.3162
0.31557999999999997
0.3111
0.31049
0.31049
0.30030999999999997
0.32067
0.31557999999999997
0.33594
0.3111
0.31557999999999997
0.3111
0.31049
0.30030999999999997
0.31049
0.3054
0.31049
0.31557999999999997
0.31049
0.31049
0.33085
0.30030999999999997
0.31049
0.306
0.31557999999999997
0.30030999999999997
0.31049
0.3054
0.3111
0.3054
0.31557999999999997
0.3054
0.31049
0.3417
0.30089999999999995
0.31557999999999997
0.31049
0.30030999999999997
0.30089999999999995
0.30030999999999997
0.30030999999999997
0.30030999999999997
0.30030999999999997
0.31557999999999997
0.29522
0.31557999999999997
0.34103
0.38683999999999996
0.31049
0.3111
0.31049
0.3054
0.3111
0.29522
0.3054
0.31049
0.34612000000000004
0.32067
0.306
0.3366
0.34103
0.31557999999999997
0.30089999999999995
0.3054
0.30030999999999997
0.3054
0.31557999999999997
0.30030999999999997
0.31557999999999997
0.33085
0.30030999999999997
0.3054
0.33594
0.32639999999999997
0.30089999999999995
0.3162
0.31049
0.3563
0.306
0.30030999999999997
0.3054
0.306
0.306
0.3162
0.306
0.3366
0.3054
1.12489
0.3213
0.31049
0.35121
0.6769700000000001
0.306
0.3111
0.306
0.3162
0.3111
0.31557999999999997
0.3054
0.3111
0.33149999999999996
0.31049
0.3054
0.29522
0.30089999999999995
0.31049
0.306
0.31557999999999997
0.3162
0.2958
0.3054
0.30089999999999995
0.3054
0.31049
0.29522
0.3054
0.3054
0.306
0.3054
0.31049
0.30089999999999995
0.306
0.3054
0.306
0.31049
0.30030999999999997
0.3162
0.30030999999999997
0.3054
0.306
0.3054
0.33149999999999996
0.30030999999999997
0.3111
0.30030999999999997
0.3162
0.3111
0.30030999999999997
0.2958
0.29522
0.306
0.30089999999999995
0.306
0.30089999999999995
0.34103
0.2958
0.31049
0.69733
0.64643
0.7075100000000001
0.3213
0.509
0.31049
0.3054
0.306
0.29522
0.31049
0.33594
0.3563
0.3111
0.3162
0.3111
0.3111
0.30030999999999997
0.30089999999999995
0.32067
0.30030999999999997
0.30030999999999997
0.31049
0.31049
0.34103
0.3054
0.31049
0.3054
0.30030999999999997
0.30030999999999997
0.30030999999999997
0.32067
0.3054
0.30030999999999997
0.3054
0.31557999999999997
0.30030999999999997
0.34103
0.32576
0.48355
0.3111
0.64643
0.30030999999999997
0.31049
0.31049
0.31049
0.33594
0.31049
0.31049
0.30030999999999997
0.36648
0.30030999999999997
0.32067
0.30089999999999995
0.30089999999999995
0.31049
0.306
0.3054
0.30030999999999997
0.30089999999999995
0.4072
0.30030999999999997
0.30030999999999997
0.33085
0.7584099999999999
0.3054
0.30030999999999997
0.3162
0.31049
0.306
0.3054
0.306
0.2958
0.306
0.3111
0.32067
0.32639999999999997
0.31557999999999997
0.30089999999999995
0.3054
0.30030999999999997
0.2958
0.31049
0.31049
0.30089999999999995
0.3111
0.3111
0.30089999999999995
0.3162
0.2958
0.30030999999999997
0.306
0.3054
0.31049
0.73296
0.30030999999999997
0.3054
0.30030999999999997
0.306
0.306
0.30089999999999995
0.31049
0.30089999999999995
0.29522
0.30030999999999997
0.31049
0.30030999999999997
0.30030999999999997
0.33085
0.30030999999999997
0.3054
0.30030999999999997
0.31049
0.306
0.30030999999999997
0.2958
0.306
0.3111
0.2958
0.31049
0.2958
0.29522
0.30030999999999997
0.29522
0.2958
0.31049
0.306
0.30030999999999997
0.30089999999999995
0.3054
0.306
0.30089999999999995
0.31049
0.29522
0.33594
0.39193
0.3054
0.29522
0.31049
0.29013
0.30030999999999997
0.31557999999999997
0.3111
0.29522
0.3054
0.29522
0.30030999999999997
0.33594
0.30089999999999995
0.3054
0.30030999999999997
0.30030999999999997
0.29522
0.3054
0.3111
0.30030999999999997
0.3054
0.3054
0.3054
0.30089999999999995
0.32576
0.30089999999999995
0.30030999999999997
0.30030999999999997
0.3054
0.30030999999999997
0.30030999999999997
0.31049
0.31049
0.30030999999999997
0.29522
0.29522
0.33085
0.33594
0.30089999999999995
0.30089999999999995
0.3111
0.30030999999999997
0.31049
0.30089999999999995
0.31049
0.306
0.31049
0.30089999999999995
0.2958
0.32576
0.33085
0.30030999999999997
0.30030999999999997
0.2958
0.3563
0.3111
0.70242
0.30089999999999995
0.2907
0.30089999999999995
0.34103
0.29522
0.29522
0.30030999999999997
0.30089999999999995
0.29522
0.30030999999999997
0.30030999999999997
0.30089999999999995
0.3054
0.30030999999999997
0.29522
0.30030999999999997
0.31049
0.31557999999999997
0.29522
0.30030999999999997
0.31049
0.30089999999999995
0.31049
0.32576
0.31049
0.30030999999999997
0.31049
0.30030999999999997
0.3054
0.3054
0.30030999999999997
0.30030999999999997
0.29522
0.3054
0.3054
0.30030999999999997
0.30030999999999997
0.3111
0.3162
0.30030999999999997
0.30030999999999997
0.2907
0.30089999999999995
0.30030999999999997
0.3054
0.3054
0.3054
0.30030999999999997
0.2907
0.2907
0.33085
0.33594
0.29522
0.30089999999999995
1.64084
0.50391
0.31049
0.31557999999999997
0.3054
0.32576
0.3054
0.2958
0.29522
0.33085
0.30030999999999997
0.306
0.31049
0.31049
0.31049
0.31049
0.3054
0.3054
0.29522
0.30030999999999997
0.29522
0.29522
0.30030999999999997
0.29522
0.29522
0.30089999999999995
0.306
0.30089999999999995
0.30089999999999995
0.3111
0.30030999999999997
0.31049
0.30030999999999997
0.3054
0.30030999999999997
0.3054
0.29522
0.2958
0.30030999999999997
0.31049
0.29522
0.30089999999999995
0.32576
0.7075100000000001
0.29522
0.30089999999999995
0.3111
0.30030999999999997
0.30030999999999997
TEST #2
0.3054
0.29522
0.30030999999999997
0.3054
0.30030999999999997
0.30030999999999997
0.36648
0.2958
0.6922400000000001
0.46319
0.3054
0.29522
0.31049
0.6769700000000001
0.81949
0.5599
0.55481
0.30089999999999995
0.32067
0.33085
0.30030999999999997
0.29522
0.7889499999999999
0.6769700000000001
0.3054
0.3054
0.30089999999999995
0.30030999999999997
0.30030999999999997
0.306
0.3162
0.32576
0.3111
0.2907
0.31049
0.30030999999999997
0.30030999999999997
0.34612000000000004
0.29522
0.30030999999999997
0.32067
0.31049
0.30089999999999995
0.30030999999999997
0.29522
0.31557999999999997
0.3111
0.31557999999999997
0.2907
0.30030999999999997
0.30030999999999997
0.29522
0.29522
0.30030999999999997
0.31049
0.31049
0.30089999999999995
0.3054
0.30089999999999995
0.30089999999999995
0.3054
0.30089999999999995
0.31049
0.3054
0.306
0.32576
0.31049
0.30030999999999997
0.30089999999999995
0.30030999999999997
0.30030999999999997
0.2958
0.2958
0.30030999999999997
0.30089999999999995
0.3054
0.2958
0.33594
0.3213
0.30030999999999997
0.29522
0.30030999999999997
0.30030999999999997
0.30030999999999997
0.3054
0.30030999999999997
0.2958
0.306
0.29013
0.3054
0.33085
0.3054
0.29522
0.30030999999999997
0.2958
0.30030999999999997
0.30030999999999997
0.3054
0.30030999999999997
0.306
0.79913
0.2958
0.306
0.3111
1.3258800000000002
0.75332
0.30089999999999995
0.30030999999999997
0.30030999999999997
0.3054
0.29522
0.29013
0.32067
0.78386
0.3054
0.306
0.30089999999999995
0.29522
0.32067
0.30030999999999997
0.30030999999999997
0.31557999999999997
0.29522
0.3054
0.30030999999999997
0.30030999999999997
0.30030999999999997
0.3054
0.3111
0.3111
0.3111
0.3054
0.29522
0.306
0.30089999999999995
0.306
0.3054
0.30030999999999997
0.31049
0.29522
0.3054
0.306
0.2958
0.30030999999999997
0.306
0.2958
0.30089999999999995
0.3054
0.3213
0.3111
0.2958
0.29522
0.306
0.29522
0.30030999999999997
0.30030999999999997
0.30030999999999997
0.306
0.306
0.2958
0.30089999999999995
0.33594
0.3054
0.30089999999999995
0.3054
0.30030999999999997
0.30089999999999995
0.31049
0.30030999999999997
0.32067
0.30030999999999997
0.30089999999999995
0.30030999999999997
0.3054
0.33594
0.30030999999999997
0.2958
0.306
0.3054
0.29013
0.30089999999999995
0.31049
0.306
0.30030999999999997
0.29522
0.3054
0.32576
0.32067
0.30030999999999997
0.30089999999999995
0.2958
0.2958
0.2958
0.2958
0.30089999999999995
0.3054
0.2958
0.30030999999999997
0.30030999999999997
0.33149999999999996
0.3054
0.2958
0.2958
0.2958
0.30030999999999997
0.29522
0.29522
0.30030999999999997
0.29522
0.3054
0.30030999999999997
0.30089999999999995
0.30089999999999995
0.30089999999999995
0.30089999999999995
0.306
0.306
0.3054
0.30030999999999997
0.30089999999999995
0.29522
0.30030999999999997
0.3563
0.3054
0.29522
0.29522
0.3054
0.34103
0.30030999999999997
0.29522
0.30089999999999995
0.29522
0.2958
0.30089999999999995
0.30089999999999995
0.3054
0.306
0.3162
0.29522
0.3054
0.30030999999999997
0.29013
0.30030999999999997
0.30089999999999995
0.306
0.30030999999999997
0.3054
0.30089999999999995
0.306
0.69733
0.2958
0.306
0.30089999999999995
0.2958
0.2958
0.3111
0.29522
0.3111
0.30089999999999995
0.30030999999999997
0.30089999999999995
0.306
0.2958
0.29013
0.30089999999999995
0.29013
0.30030999999999997
0.2958
0.2958
0.33594
0.33149999999999996
0.3054
0.31049
0.30030999999999997
0.34103
0.29522
0.29013
0.29522
0.2958
0.306
0.29522
0.2958
0.32639999999999997
0.30089999999999995
0.30089999999999995
0.31049
0.2958
0.56499
0.30030999999999997
0.3054
0.2958
0.3054
0.30089999999999995
0.30089999999999995
0.2958
0.30089999999999995
0.30089999999999995
0.2958
0.30030999999999997
0.306
0.32639999999999997
0.2958
0.2907
0.30030999999999997
0.30030999999999997
0.30030999999999997
0.2958
0.2958
0.2958
0.33149999999999996
0.30089999999999995
0.30030999999999997
0.2907
0.29522
0.2958
0.30030999999999997
0.37156999999999996
0.2907
0.2958
0.30030999999999997
0.30089999999999995
0.3162
0.31049
0.306
0.29013
0.30089999999999995
0.30030999999999997
0.2958
0.2958
0.29013
0.30030999999999997
0.29522
0.29013
0.29522
0.29522
0.2958
0.29522
0.30089999999999995
0.2958
0.3054
0.33594
0.2958
0.30030999999999997
0.30030999999999997
0.30030999999999997
0.3054
0.3054
0.30030999999999997
0.30030999999999997
0.2958
0.29522
0.2907
0.3213
0.30089999999999995
0.2958
0.30030999999999997
0.30089999999999995
0.29522
0.3054
0.306
0.30030999999999997
0.30030999999999997
0.28559999999999997
0.30089999999999995
0.29522
0.3162
0.2958
0.2958
0.30089999999999995
0.30089999999999995
0.29522
0.30089999999999995
0.29522
0.2958
0.2958
0.30030999999999997
0.2958
0.2907
0.29013
0.30089999999999995
0.306
0.2958
0.3111
0.306
0.30089999999999995
0.306
0.30089999999999995
0.30089999999999995
0.29522
0.34612000000000004
0.30030999999999997
0.30030999999999997
0.29522
0.30030999999999997
0.30030999999999997
0.30030999999999997
0.29522
0.306
0.2958
0.3162
0.3111
0.306
0.30089999999999995
0.29522
0.3054
0.29522
0.30030999999999997
0.30089999999999995
0.30089999999999995
0.29013
0.29522
0.32067
0.29522
0.306
0.29522
0.2907
0.29522
0.30089999999999995
0.30089999999999995
0.49373
0.3054
0.30089999999999995
0.30030999999999997
0.34103
0.30030999999999997
0.30089999999999995
0.59044
0.3111
0.30089999999999995
0.2958
0.2958
0.33594
0.306
0.3213
0.30089999999999995
0.30089999999999995
0.33085
0.32067
0.3054
0.2907
0.2958
0.2958
0.29013
0.2907
0.30030999999999997
0.30089999999999995
0.2958
0.30089999999999995
0.30089999999999995
0.29013
0.2958
0.2958
0.3111
0.2907
0.29522
0.30030999999999997
0.30030999999999997
0.29522
0.2958
0.30030999999999997
0.30030999999999997
0.30030999999999997
0.30089999999999995
0.3054
0.30030999999999997
0.31049
0.30089999999999995
0.30089999999999995
0.30089999999999995
0.3111
0.30030999999999997
0.2958
0.30089999999999995
0.29522
0.30089999999999995
0.3111
0.2958
0.3111
0.2958
0.30089999999999995
0.30089999999999995
0.2958
0.30089999999999995
0.30089999999999995
0.2958
0.29013
0.30089999999999995
0.30089999999999995
0.29522
0.30030999999999997
0.2958
0.30089999999999995
0.3054
0.30089999999999995
0.32639999999999997
0.30030999999999997
0.29522
0.30030999999999997
0.30030999999999997
0.29522
0.2907
0.30089999999999995
0.2958
0.28559999999999997
0.2958
0.2907
0.33149999999999996
0.38175
0.30030999999999997
0.306
0.30030999999999997
0.306
0.30030999999999997
TEST #3
0.31049
0.30030999999999997
0.30089999999999995
0.2958
0.31049
0.30030999999999997
0.33149999999999996
0.7126
0.32576
0.2958
0.3111
0.62607
0.30089999999999995
0.30089999999999995
0.30089999999999995
0.306
0.306
0.2958
0.30089999999999995
0.3162
0.306
0.2958
0.3054
0.306
0.30089999999999995
0.30089999999999995
0.31049
0.2958
0.2958
0.30030999999999997
0.3111
0.29522
0.30030999999999997
0.30089999999999995
0.306
0.29522
0.30089999999999995
0.29522
0.29522
0.28559999999999997
0.30030999999999997
0.2958
0.29522
0.29522
0.3054
0.30089999999999995
0.30089999999999995
0.2958
0.2958
0.3111
0.30030999999999997
0.2958
0.9060199999999999
0.3054
0.30089999999999995
0.2958
0.3162
0.2958
0.30030999999999997
0.2907
0.306
0.63625
0.30089999999999995
0.2907
0.32576
0.30089999999999995
0.30089999999999995
0.2907
0.31049
0.45300999999999997
0.68206
0.29013
0.30089999999999995
0.30089999999999995
0.3111
0.30030999999999997
0.3213
0.306
0.3111
0.31049
0.30089999999999995
0.2958
0.30030999999999997
0.2958
0.30030999999999997
0.30089999999999995
0.30030999999999997
0.33149999999999996
0.30089999999999995
0.34612000000000004
0.29522
0.30030999999999997
0.306
0.3054
0.30089999999999995
0.2958
0.29013
0.30089999999999995
0.31049
0.2907
0.2958
0.29522
0.2958
0.30089999999999995
0.29522
0.306
0.2958
0.29522
0.2958
0.2907
0.30030999999999997
0.47846
0.306
0.30089999999999995
0.29522
0.31557999999999997
0.30030999999999997
0.30030999999999997
0.2907
0.2907
0.30089999999999995
0.30030999999999997
0.30089999999999995
0.3111
0.2958
0.2907
0.2958
0.306
0.2958
0.3111
0.30030999999999997
0.3111
0.5242699999999999
0.30089999999999995
0.30089999999999995
0.3111
0.306
0.3054
0.30089999999999995
0.30089999999999995
0.2958
0.29522
0.31049
0.30089999999999995
0.306
0.30030999999999997
0.3111
0.32067
0.30030999999999997
0.29522
0.3111
0.29522
0.2958
0.2958
0.91111
0.2907
0.30030999999999997
0.30089999999999995
0.38175
0.32067
0.32639999999999997
0.2958
0.2958
0.32639999999999997
0.2958
0.2958
0.2907
0.3111
0.30089999999999995
0.28559999999999997
0.2907
0.30089999999999995
0.30089999999999995
0.3366
0.29522
0.30089999999999995
0.30089999999999995
0.30089999999999995
0.2907
0.30089999999999995
0.30089999999999995
0.2958
0.2907
0.2958
0.2958
0.33149999999999996
0.3111
0.30089999999999995
0.30089999999999995
0.2958
0.30030999999999997
0.30089999999999995
0.29522
0.29522
0.30089999999999995
0.30089999999999995
0.30089999999999995
0.2958
0.32639999999999997
0.3111
0.30089999999999995
0.30089999999999995
0.30030999999999997
0.30089999999999995
0.306
0.30089999999999995
0.2958
0.2958
0.2958
0.306
0.2907
0.29522
0.30089999999999995
0.56499
0.3111
0.29522
0.2958
0.30089999999999995
0.2907
0.2958
0.30089999999999995
0.2958
0.2907
0.2907
0.2958
0.3054
0.2958
0.3054
0.2958
0.3111
0.2907
0.29522
0.29522
0.34103
0.30089999999999995
0.30030999999999997
0.30089999999999995
0.3054
0.3111
0.30089999999999995
0.30089999999999995
0.2958
0.3111
0.2958
0.2958
0.30089999999999995
0.2958
0.2958
0.2958
0.2958
0.3111
0.30089999999999995
0.3054
0.37666
0.30089999999999995
0.509
0.4072
0.63625
0.3111
0.31049
0.32067
0.3111
0.3054
0.2958
0.306
0.29522
0.2907
0.2907
0.3162
0.32639999999999997
0.2958
0.32576
0.30089999999999995
0.30089999999999995
0.2958
0.3054
0.306
0.3054
0.30089999999999995
0.2958
0.29013
0.29013
0.31557999999999997
0.30030999999999997
0.2907
0.2958
0.2958
0.2958
0.2958
0.30089999999999995
0.2958
0.306
0.2958
0.32639999999999997
0.39193
0.3162
0.30089999999999995
0.30089999999999995
0.33149999999999996
0.2958
0.306
0.2958
0.30089999999999995
0.3563
0.29522
0.3054
0.306
0.31557999999999997
0.2958
0.29013
0.2958
0.30089999999999995
0.30089999999999995
0.30089999999999995
0.32067
0.31557999999999997
0.29522
0.2958
0.31049
0.2958
0.32576
0.30030999999999997
0.29522
0.2907
0.30089999999999995
0.2907
0.30030999999999997
0.30030999999999997
0.29522
0.30089999999999995
0.29522
0.306
0.34103
0.2958
0.30030999999999997
0.2958
0.30089999999999995
0.2958
0.2958
0.30030999999999997
0.2958
0.30030999999999997
0.30030999999999997
0.3111
0.2907
0.31557999999999997
0.3054
0.2907
0.30089999999999995
0.30089999999999995
0.2958
0.30089999999999995
0.2958
0.30089999999999995
0.306
0.3162
0.3111
0.32639999999999997
0.69733
0.30089999999999995
0.2958
0.2958
0.30089999999999995
0.2958
0.54972
0.2958
0.3111
0.357
0.306
0.2958
0.2958
0.30089999999999995
0.306
0.2958
0.30089999999999995
0.30089999999999995
0.2907
0.29522
0.2958
0.2958
0.2958
0.29013
0.30089999999999995
0.36648
0.2907
0.30030999999999997
0.2907
0.29013
0.30030999999999997
0.30089999999999995
0.30089999999999995
0.30089999999999995
0.3111
0.30089999999999995
0.30089999999999995
0.2958
0.29522
0.306
0.306
0.306
0.2907
0.2907
0.2907
0.29013
0.306
0.30089999999999995
0.306
0.30089999999999995
0.2958
0.30089999999999995
0.30030999999999997
0.30089999999999995
0.2958
0.32067
0.2958
0.3162
0.30089999999999995
0.30089999999999995
0.30030999999999997
0.306
0.9212899999999999
0.29522
0.30030999999999997
0.3111
0.2958
0.2958
0.2958
0.32639999999999997
0.3213
0.3111
0.29522
0.2958
0.2958
0.2907
0.30089999999999995
0.30089999999999995
0.2958
0.2958
0.3111
0.30089999999999995
0.29522
0.2958
0.2907
0.30089999999999995
0.306
0.2907
0.30030999999999997
0.2958
0.30030999999999997
0.2958
0.2907
0.30089999999999995
0.2958
0.32639999999999997
0.3111
0.2958
0.30089999999999995
0.306
0.30089999999999995
0.30089999999999995
0.28504
0.30089999999999995
0.30089999999999995
0.2958
0.2958
0.3162
0.3213
0.2958
0.30089999999999995
0.30089999999999995
0.29522
0.2958
0.2958
0.2907
0.2958
0.30089999999999995
0.30089999999999995
0.29522
0.31049
0.28559999999999997
0.30089999999999995
0.30089999999999995
0.2958
0.2907
0.2958
0.29013
0.3111
0.2958
0.30089999999999995
0.30030999999999997
0.30089999999999995
0.2958
0.2958
0.2958
0.2907
1.74915
1.7424400000000002
1.7119600000000001
1.7119600000000001
1.78971
1.6713200000000001
1.65608
1.65608
1.9620900000000001
1.6256000000000002
1.62052
1.61036
1.5900400000000001
1.60528
1.59512
1.58496
1.7424400000000002
TEST #4
1.57988
1.56464
1.5748
1.55448
1.5493999999999999
1.53924
1.53416
1.56972
1.51892
1.5087599999999999
1.5493999999999999
1.4986
1.51892
1.48844
1.48336
1.49352
1.48844
1.4731999999999998
1.46304
1.45796
1.46304
1.45796
1.4478
1.4478
1.4681199999999999
1.45796
1.4376399999999998
1.42748
1.4224
1.42748
1.4224
1.4173200000000001
1.4020800000000002
1.4020800000000002
1.4071600000000002
1.4224
1.39192
1.39192
1.4782799999999998
1.39192
1.39192
1.38176
1.3665200000000002
1.4122400000000002
1.3766800000000001
1.3614400000000002
1.3716000000000002
1.3614400000000002
1.3665200000000002
1.3614400000000002
1.4325599999999998
1.35128
1.35903
1.35128
1.35636
1.34376
1.35636
1.3360400000000001
1.34376
1.33358
1.32849
1.3258800000000002
1.3614400000000002
1.34376
1.3258800000000002
1.35636
1.33358
1.30304
1.31322
1.31064
1.30304
1.31322
1.30048
1.31064
1.30304
1.29286
1.30556
1.29795
1.29286
1.28268
1.29795
1.29286
1.28777
1.28268
1.29795
1.28268
1.26741
1.28268
1.30048
1.27759
1.26741
1.26741
1.2725
1.73228
1.58496
1.2623199999999999
1.2725
2.7324
1.3309600000000001
1.26741
1.28268
1.29795
1.2623199999999999
1.2572299999999998
1.2572299999999998
1.2623199999999999
1.7018000000000002
1.25214
1.2623199999999999
1.24196
1.25214
1.23687
1.24196
1.24196
1.23687
1.23687
1.24705
1.2266899999999998
1.23687
1.25214
1.2266899999999998
1.2266899999999998
1.2266899999999998
1.2266899999999998
1.2216
1.2266899999999998
1.21142
1.21651
1.21651
1.2216
1.2216
1.21142
1.2266899999999998
1.21651
1.21142
1.2317799999999999
1.1961499999999998
1.20633
1.20633
1.2216
1.21142
1.21651
1.21651
1.1961499999999998
1.21142
1.21651
1.18597
1.1961499999999998
1.28268
1.20633
1.1961499999999998
1.20633
1.1961499999999998
1.1961499999999998
1.9722300000000001
1.19106
1.1961499999999998
1.21142
1.4986
1.20633
1.1961499999999998
1.18597
1.26741
1.18088
1.18088
1.18088
1.18088
1.19106
1.19106
1.1707
1.1707
1.1757900000000001
1.16561
1.1961499999999998
1.1757900000000001
1.1757900000000001
1.18088
1.18088
1.1757900000000001
1.1757900000000001
1.1757900000000001
1.1707
1.1707
1.16561
1.1707
1.18597
1.16052
1.15034
1.16052
1.15543
1.15034
1.15543
1.15543
1.15543
1.15543
1.16052
1.16052
1.15543
1.15034
1.16052
1.15034
1.14525
1.14016
1.15034
1.13507
1.13507
1.14525
1.14525
1.14525
1.12998
1.13507
1.19106
1.13507
1.18597
1.13507
1.13507
1.12489
1.13507
1.12998
1.13507
1.12998
1.12998
1.12489
1.13507
1.15034
1.1198
1.1198
1.12998
1.12489
1.12489
1.1147099999999999
1.1147099999999999
1.1147099999999999
1.14016
1.1198
1.10962
1.10962
1.12998
1.1147099999999999
1.26741
1.10962
1.1147099999999999
1.1198
1.1198
1.10962
1.12489
1.10962
1.10453
1.10962
1.10453
1.14525
1.1147099999999999
1.10453
1.15034
1.10962
1.10453
1.10962
1.10453
1.14525
1.10962
1.10453
1.09944
1.12489
1.08926
1.09435
1.09944
1.09435
1.0841699999999999
1.09435
1.09435
1.09944
1.12998
1.08926
1.08926
1.0841699999999999
1.07908
1.08926
1.0841699999999999
1.09435
1.07399
1.0841699999999999
1.16052
1.1147099999999999
1.08926
1.07399
1.07908
1.07399
1.0841699999999999
1.08926
1.07908
1.07399
1.07399
1.07908
1.0689
1.07399
1.0689
1.07399
1.07399
1.06381
1.0689
1.06381
1.0689
1.0689
1.0689
1.0689
1.07399
1.06381
1.06381
1.09944
1.0689
1.06381
1.0536299999999998
1.0587199999999999
1.0587199999999999
1.0689
1.0587199999999999
1.0587199999999999
1.06381
1.08926
1.07908
1.06381
1.07908
1.0587199999999999
1.0485399999999998
1.0587199999999999
1.08926
1.0485399999999998
1.04345
1.0536299999999998
1.0485399999999998
0.3111
0.30030999999999997
0.3054
0.33594
0.3213
0.306
0.30030999999999997
0.31557999999999997
0.30089999999999995
0.30089999999999995
0.3054
0.306
0.306
0.3162
0.3111
0.3111
0.30089999999999995
0.34612000000000004
0.29522
0.30030999999999997
0.306
0.306
0.31049
0.2958
0.30089999999999995
0.3111
0.30089999999999995
0.3111
0.306
0.306
0.30089999999999995
0.306
0.2958
0.306
0.306
0.30089999999999995
0.30089999999999995
0.3111
0.30030999999999997
0.306
0.306
0.30089999999999995
0.29522
0.2907
0.29013
0.30089999999999995
0.30089999999999995
0.306
0.2958
0.29522
0.30089999999999995
0.29522
0.3111
0.30089999999999995
0.2958
0.30089999999999995
0.70242
0.30089999999999995
0.29522
0.306
0.2958
0.32639999999999997
0.306
0.30089999999999995
0.306
0.30089999999999995
0.306
0.30089999999999995
0.3162
0.30089999999999995
0.3111
0.2958
0.2907
0.3366
0.3366
0.30089999999999995
0.30089999999999995
0.30089999999999995
0.30089999999999995
0.306
0.30089999999999995
0.2958
0.2958
0.2958
0.30089999999999995
0.30089999999999995
0.78386
0.29522
0.30089999999999995
0.306
0.3111
0.3111
0.3111
0.30089999999999995
0.30089999999999995
0.2958
0.3162
0.3111
0.29522
0.30030999999999997
0.3054
0.3054
0.30089999999999995
0.29522
0.306
0.2958
0.2907
0.306
0.29522
0.30030999999999997
0.30089999999999995
0.30089999999999995
0.306
0.29522
0.31049
0.306
0.30030999999999997
0.31049
0.29522
0.30089999999999995
0.3054
0.29522
0.3054
0.31049
0.30089999999999995
0.29522
0.30089999999999995
0.29522
0.3054
0.29522
0.29522
0.30030999999999997
0.3054
0.30030999999999997
0.29522
0.30089999999999995
0.2958
0.29522
0.30089999999999995
0.30030999999999997
0.31049
0.3054
0.29522
0.31557999999999997
0.32576
0.31049
0.30089999999999995
0.3054
0.30089999999999995
0.30089999999999995
0.30030999999999997
0.30089999999999995
0.2958
0.2958
0.2907
0.2958
0.3054
0.32639999999999997
0.28559999999999997
0.29013
0.30089999999999995
0.3054
0.3162
0.30089999999999995
0.30089999999999995
0.2907
0.30089999999999995
0.306
0.30089999999999995
0.3111
0.28559999999999997
0.3111
0.29013
0.3054
0.30089999999999995
0.30089999999999995
0.2958
0.2958
0.306
0.3111
0.3213
0.3111
TEST #5
0.30030999999999997
0.29522
0.32067
0.30089999999999995
0.30089999999999995
0.65661
0.30089999999999995
0.306
0.3054
0.63625
0.3054
0.306
0.3054
0.30089999999999995
0.2958
0.3054
0.30030999999999997
0.306
0.306
0.30030999999999997
0.2958
0.29522
0.2958
0.30089999999999995
0.29522
0.2907
0.2907
0.30030999999999997
0.2907
0.306
0.31557999999999997
0.30089999999999995
0.3111
0.306
0.30089999999999995
0.30089999999999995
0.30030999999999997
0.3213
0.2958
0.2907
0.306
0.30089999999999995
0.306
0.3111
0.30030999999999997
0.32576
0.3111
0.2907
0.2907
0.3054
0.6769700000000001
0.30089999999999995
0.3111
0.2958
0.62607
0.30089999999999995
0.3111
0.30089999999999995
0.2958
0.2958
0.30089999999999995
0.2958
0.3162
0.3054
0.3111
0.306
0.30089999999999995
0.3162
0.2958
0.2907
0.30089999999999995
0.32639999999999997
0.30089999999999995
0.306
0.30089999999999995
0.3111
0.306
0.3213
0.2958
0.2958
0.30089999999999995
0.30089999999999995
0.30089999999999995
0.33085
0.30089999999999995
0.2907
0.2958
0.2958
0.29522
0.29522
0.30089999999999995
0.2958
0.30089999999999995
0.306
0.30089999999999995
0.30089999999999995
0.3213
0.2958
0.2958
0.2907
0.2958
0.306
0.2907
0.3111
0.2958
0.29013
0.2958
0.30089999999999995
0.3111
0.2958
0.30089999999999995
0.3111
0.30030999999999997
0.32576
0.2907
0.30089999999999995
0.306
0.306
0.30089999999999995
0.2958
0.2958
0.30089999999999995
0.2958
0.30030999999999997
0.2958
0.306
0.306
0.30089999999999995
0.2958
0.30089999999999995
0.2958
0.3054
0.30089999999999995
0.3054
0.3213
0.3111
0.2958
0.2958
0.2907
0.2958
0.2958
0.2958
0.2958
0.30089999999999995
0.306
0.2907
0.30089999999999995
0.2958
0.2958
0.306
0.3111
0.30089999999999995
0.53445
0.30089999999999995
0.32639999999999997
0.30089999999999995
0.47336999999999996
0.2958
0.2958
0.30089999999999995
0.30089999999999995
0.306
0.30089999999999995
0.2958
0.2907
0.30089999999999995
0.34103
0.3213
0.30089999999999995
0.30089999999999995
0.2907
0.30089999999999995
0.2958
0.2958
0.30089999999999995
0.2958
0.2958
0.306
0.2958
0.32639999999999997
0.2958
0.28559999999999997
0.2958
0.30089999999999995
0.2958
0.2907
0.2958
0.31049
0.30089999999999995
0.30089999999999995
0.2958
0.29522
0.30030999999999997
0.2958
0.30030999999999997
0.30089999999999995
0.2958
0.3111
0.2958
0.306
0.30089999999999995
0.306
0.30089999999999995
0.3111
0.30089999999999995
0.30089999999999995
0.2958
0.3111
0.30089999999999995
0.2958
0.30089999999999995
0.7126
0.2907
0.306
0.306
0.30089999999999995
0.30089999999999995
0.30089999999999995
0.2958
0.2958
0.30089999999999995
0.30089999999999995
0.30089999999999995
0.30089999999999995
0.2907
0.30089999999999995
0.30089999999999995
0.306
0.2958
0.30089999999999995
0.30089999999999995
0.2958
0.30089999999999995
0.2958
0.306
0.30089999999999995
0.2958
0.32639999999999997
0.306
0.2907
0.2958
0.2958
0.30089999999999995
0.2958
0.3162
0.2907
0.46319
0.30089999999999995
0.306
0.33085
0.32639999999999997
0.4794
0.2958
0.63625
0.47336999999999996
0.75332
0.3111
0.30089999999999995
0.32067
0.63625
0.2958
0.3111
0.37156999999999996
0.2958
0.2907
0.30089999999999995
0.30089999999999995
0.2958
0.30089999999999995
0.30030999999999997
0.30089999999999995
0.2958
0.30089999999999995
0.30089999999999995
0.3213
0.30089999999999995
0.2958
0.30089999999999995
0.2958
0.306
0.2958
0.2958
0.306
0.2958
0.2958
0.2907
0.30089999999999995
0.30089999999999995
0.30089999999999995
0.2958
0.2958
0.51409
0.2907
0.30089999999999995
0.2958
0.32639999999999997
0.30089999999999995
0.32639999999999997
0.30089999999999995
0.30030999999999997
0.3213
0.2958
0.30089999999999995
0.2958
0.30089999999999995
0.30089999999999995
0.30089999999999995
0.40210999999999997
0.2907
0.3054
0.30089999999999995
0.306
0.2958
0.32067
0.30089999999999995
0.2958
0.2958
0.3111
0.306
0.30089999999999995
0.306
0.30089999999999995
0.30089999999999995
0.30089999999999995
0.2958
0.30089999999999995
0.3213
0.30089999999999995
0.30089999999999995
0.2958
0.2958
0.306
0.30089999999999995
0.2907
0.2958
0.30030999999999997
0.30089999999999995
0.306
0.2958
0.2907
0.2958
0.30089999999999995
0.2958
0.2958
0.2958
0.30089999999999995
0.3111
0.28559999999999997
0.306
0.2907
0.29522
0.30089999999999995
0.2958
0.2907
0.3111
0.306
0.30089999999999995
0.30089999999999995
0.3213
0.30089999999999995
0.30089999999999995
0.2907
0.30089999999999995
0.2958
0.306
0.2958
0.306
0.2958
0.2958
0.2958
0.32067
0.30089999999999995
0.30030999999999997
0.30030999999999997
0.2907
0.2907
0.3054
0.30030999999999997
0.306
0.2958
0.306
0.30030999999999997
0.30089999999999995
1.08204
0.7584099999999999
0.63625
0.2958
0.30089999999999995
0.2958
0.31049
0.29013
0.306
0.306
0.306
0.3054
0.30089999999999995
0.30089999999999995
0.2907
0.30089999999999995
0.29013
0.30030999999999997
0.2907
0.30089999999999995
0.2958
0.306
0.306
0.2958
0.30089999999999995
0.30089999999999995
0.3054
0.306
0.2958
0.2907
0.30089999999999995
0.2958
0.3111
0.30089999999999995
0.2958
0.2958
0.3111
0.2958
0.2958
0.2958
0.30030999999999997
0.30089999999999995
0.2958
0.29522
0.30030999999999997
0.30089999999999995
0.2958
0.3111
0.2958
0.30089999999999995
0.2907
0.2907
0.306
0.30089999999999995
0.2958
0.30030999999999997
0.2958
0.3111
0.40210999999999997
0.30089999999999995
0.30089999999999995
0.30089999999999995
0.30089999999999995
0.30089999999999995
0.30089999999999995
0.30089999999999995
0.306
0.30089999999999995
0.2958
0.30030999999999997
0.32576
0.306
0.30089999999999995
0.30089999999999995
0.2907
0.30030999999999997
0.2958
0.306
0.2958
0.2958
0.6311599999999999
0.2958
0.33085
0.32639999999999997
0.30089999999999995
0.2958
0.30089999999999995
0.2958
0.2958
0.29013
0.2958
0.2958
0.2958
0.30089999999999995
0.306
0.34103
0.306
0.30089999999999995
0.2958
0.30089999999999995
0.306
0.306
0.2907
0.2958
0.306
0.2958
0.2958
0.30089999999999995
0.30089999999999995
0.2958
0.2958
0.2958
0.2958
0.30089999999999995
0.2958
0.2958
0.306
0.2958
0.30089999999999995
0.30089999999999995
0.30089999999999995
0.31049
0.30089999999999995
0.30089999999999995
0.306
0.2907
0.81949
0.2907
0.30089999999999995
0.2958
