TEST #1
0.39193
0.43265000000000003
0.39193
0.39702
0.41229
0.51918
0.41309999999999997
0.38759999999999994
0.40210999999999997
0.4284
0.3978
0.39193
0.3978
0.51918
0.408
0.408
0.4029
0.41309999999999997
0.4072
0.44282999999999995
0.4072
0.4072
0.4233
0.38759999999999994
0.38759999999999994
0.45300999999999997
0.4072
0.38683999999999996
0.38759999999999994
0.38683999999999996
0.45809999999999995
0.38683999999999996
0.39702
0.408
0.40210999999999997
0.3978
0.41738000000000003
0.39193
0.38683999999999996
0.408
0.38759999999999994
0.3927
0.39193
0.42247
0.3927
0.3978
0.3978
0.39702
0.38759999999999994
0.38759999999999994
0.408
0.38759999999999994
0.38759999999999994
0.3927
0.45300999999999997
0.38759999999999994
0.43859999999999993
0.4029
0.38683999999999996
0.4029
0.46319
0.3978
0.4335
0.3927
0.38683999999999996
0.46409999999999996
0.3927
0.38759999999999994
0.4233
0.408
0.3927
0.4072
0.38759999999999994
0.3927
0.38759999999999994
2.02184
0.39193
0.7584099999999999
0.42247
0.38759999999999994
0.408
0.41309999999999997
0.43265000000000003
0.39193
0.3978
0.3978
0.40210999999999997
0.38759999999999994
0.39193
0.5599
0.41229
0.4029
0.4029
0.41309999999999997
0.42756
0.47336999999999996
0.4072
0.4072
0.408
0.38683999999999996
0.45300999999999997
0.38759999999999994
0.4072
0.38759999999999994
0.45899999999999996
0.408
0.38683999999999996
0.38759999999999994
0.38759999999999994
0.408
0.3927
0.38759999999999994
0.38683999999999996
0.38683999999999996
0.39193
0.38759999999999994
0.3927
0.38759999999999994
0.38683999999999996
0.38683999999999996
0.38759999999999994
0.41309999999999997
0.4072
0.39193
0.45300999999999997
0.38683999999999996
0.39193
0.4029
0.4072
0.57517
0.38683999999999996
0.8907499999999999
0.38759999999999994
0.4029
0.39193
0.70242
0.40210999999999997
0.4284
0.4029
0.42247
0.42247
0.4029
0.38759999999999994
0.3927
0.53445
0.38759999999999994
0.38759999999999994
0.41309999999999997
0.43265000000000003
0.38759999999999994
0.3978
0.39193
0.41309999999999997
0.40210999999999997
0.38759999999999994
0.38759999999999994
0.38683999999999996
0.40210999999999997
0.39702
0.4487999999999999
0.3927
0.3927
0.38759999999999994
0.38683999999999996
0.48864
0.4029
0.40210999999999997
0.408
0.4029
0.43265000000000003
0.42756
0.41309999999999997
0.408
0.3927
0.408
0.3927
0.38759999999999994
0.4029
0.3927
0.38759999999999994
0.3927
0.4029
0.38759999999999994
0.3927
0.3978
0.3978
0.44369999999999993
0.3927
0.44792
0.4029
0.39193
0.38759999999999994
0.3927
0.4182
0.45300999999999997
0.39193
0.3978
0.3927
0.408
0.3927
0.38759999999999994
0.38683999999999996
0.38683999999999996
0.42756
0.4029
0.41738000000000003
0.40210999999999997
0.38759999999999994
0.38759999999999994
0.3927
0.42756
0.3927
0.3978
0.3978
0.38759999999999994
0.43859999999999993
0.44282999999999995
0.45389999999999997
0.43859999999999993
0.4335
0.4335
0.4335
0.47336999999999996
0.51918
0.43265000000000003
0.4335
0.408
0.4284
0.46828
0.408
0.38759999999999994
0.38759999999999994
0.38759999999999994
0.41309999999999997
0.43773999999999996
0.7584099999999999
0.3927
0.3978
0.38759999999999994
0.4284
0.49882
0.4029
0.4029
0.4029
0.41229
0.42756
0.4029
0.4029
0.408
0.4029
0.3927
0.3927
0.41309999999999997
0.3927
0.38759999999999994
0.38759999999999994
0.38759999999999994
0.39702
0.4487999999999999
0.3927
0.4029
0.41309999999999997
0.38249999999999995
0.4284
0.44369999999999993
0.38759999999999994
0.38759999999999994
0.38759999999999994
0.3927
0.47429999999999994
0.4233
0.38249999999999995
0.38759999999999994
0.38759999999999994
0.40210999999999997
0.45389999999999997
0.3978
0.38249999999999995
0.4029
0.38759999999999994
0.4029
0.38759999999999994
0.38759999999999994
0.38759999999999994
0.3927
0.4029
0.3927
0.3927
0.3927
0.38759999999999994
0.38759999999999994
0.38759999999999994
0.3927
0.42756
0.38683999999999996
0.38249999999999995
0.38683999999999996
0.38759999999999994
0.3927
0.43773999999999996
0.3978
0.3927
0.4029
0.38759999999999994
0.41229
0.4487999999999999
0.4029
0.3927
0.38759999999999994
0.38759999999999994
0.55481
0.38759999999999994
0.3978
0.3927
0.3927
0.3978
0.47336999999999996
0.4284
0.4029
0.4029
0.4072
0.48864
0.408
0.4029
0.408
0.3927
0.57008
0.38759999999999994
0.38759999999999994
0.4233
0.4233
0.40210999999999997
0.4233
0.4029
0.38683999999999996
0.3927
0.4029
0.3927
0.38759999999999994
0.38175
0.4029
0.38759999999999994
0.3927
0.408
0.4029
0.4029
0.38759999999999994
0.3978
0.38683999999999996
0.3927
0.4284
0.3978
0.4947
0.38683999999999996
0.4029
0.3978
0.45809999999999995
0.3978
0.3927
0.3927
0.408
0.38759999999999994
0.38759999999999994
0.38759999999999994
0.4029
0.38759999999999994
0.5253
0.4029
0.38759999999999994
0.41229
0.3927
0.408
0.44369999999999993
0.38759999999999994
0.3927
0.38759999999999994
0.3978
0.43773999999999996
0.3978
0.3927
0.38759999999999994
0.4233
0.4029
0.70242
0.3927
0.3978
0.38759999999999994
0.38759999999999994
0.43773999999999996
0.38759999999999994
0.38759999999999994
0.4029
0.408
0.4487999999999999
0.4182
0.41309999999999997
0.4029
0.408
0.408
0.4487999999999999
0.7584099999999999
0.4029
0.3978
0.3978
0.38759999999999994
0.408
0.3927
0.3978
0.38759999999999994
0.38759999999999994
0.38759999999999994
0.38249999999999995
0.3978
0.408
0.3978
0.38759999999999994
0.38759999999999994
0.4233
0.3927
0.38759999999999994
0.38759999999999994
0.38759999999999994
0.41309999999999997
0.44369999999999993
0.3927
0.38759999999999994
0.38683999999999996
0.3927
0.38759999999999994
0.4029
0.38759999999999994
0.3927
0.4029
0.43265000000000003
0.38759999999999994
0.3927
0.4029
0.38759999999999994
0.41309999999999997
0.45899999999999996
0.3927
0.4335
0.38759999999999994
0.4029
0.5253
0.38759999999999994
0.3927
0.38759999999999994
0.38759999999999994
0.38759999999999994
0.4029
0.3927
0.3927
0.4072
0.4029
0.38759999999999994
0.38759999999999994
0.38759999999999994
0.38249999999999995
0.38759999999999994
0.3978
0.38759999999999994
0.4896
0.38759999999999994
0.38759999999999994
0.4029
0.3927
0.408
0.45899999999999996
0.4029
0.4029
0.4029
0.4029
0.43859999999999993
0.41309999999999997
0.3978
0.38759999999999994
0.3978
0.45300999999999997
0.46828
0.408
0.38759999999999994
0.38759999999999994
0.38249999999999995
0.408
0.57008
0.38759999999999994
0.3978
0.38683999999999996
0.38759999999999994
0.3927
0.41229
0.4182
0.38759999999999994
0.3978
0.41309999999999997
0.38759999999999994
0.4284
0.3927
0.38759999999999994
0.3927
0.3978
0.3927
0.45809999999999995
0.3978
0.3978
0.41229
0.3927
0.44282999999999995
0.38683999999999996
0.408
0.39702
0.3927
TEST #2
0.38249999999999995
0.3978
0.39702
0.39702
0.38759999999999994
0.3978
0.38759999999999994
0.4335
0.38759999999999994
0.42247
0.38683999999999996
0.38759999999999994
0.39702
0.3978
0.3978
0.3927
0.3927
0.3927
0.3978
0.45899999999999996
0.39702
0.38683999999999996
0.4029
0.4029
0.58026
0.38175
0.41229
0.38683999999999996
0.38759999999999994
0.39702
0.44369999999999993
0.57008
0.3927
0.3978
0.3978
0.4029
0.4029
0.4233
0.3978
0.38759999999999994
0.3927
0.3978
0.39193
0.38759999999999994
0.4029
0.38759999999999994
0.38683999999999996
0.3978
0.4335
0.4182
0.408
0.39702
0.4029
0.408
0.48864
0.4029
0.38759999999999994
0.3978
0.38759999999999994
0.4233
0.3927
0.3927
0.41309999999999997
0.38759999999999994
0.38759999999999994
0.38249999999999995
0.3978
0.408
0.38759999999999994
0.38759999999999994
0.38249999999999995
0.70242
0.38759999999999994
0.39193
0.41738000000000003
0.38249999999999995
0.3978
0.4029
0.3927
0.38759999999999994
0.41309999999999997
0.3927
0.38759999999999994
0.44282999999999995
0.38683999999999996
0.3978
0.39193
0.39702
0.5762999999999999
0.509
0.3927
0.3978
0.38759999999999994
0.408
0.45300999999999997
0.3978
0.3978
0.38759999999999994
0.38759999999999994
0.4284
0.38249999999999995
0.38759999999999994
0.3978
0.38759999999999994
0.3927
0.38759999999999994
0.4029
0.4029
0.43859999999999993
0.408
0.408
0.408
0.45809999999999995
0.4029
0.4029
0.3927
0.4029
0.4182
0.38759999999999994
0.3978
0.38759999999999994
0.38249999999999995
0.408
0.44369999999999993
0.38759999999999994
0.38249999999999995
0.3978
0.3927
0.38249999999999995
0.4029
0.38759999999999994
0.38759999999999994
0.41309999999999997
0.3978
0.38759999999999994
0.38759999999999994
0.38759999999999994
0.38759999999999994
0.38759999999999994
0.38759999999999994
0.4029
0.42247
0.3927
0.38759999999999994
0.44369999999999993
0.42247
0.38759999999999994
0.45899999999999996
0.4029
0.38249999999999995
0.38759999999999994
0.38759999999999994
0.45899999999999996
0.44369999999999993
0.3978
0.39193
0.38759999999999994
0.4233
0.408
0.3978
0.4029
0.38759999999999994
0.38759999999999994
0.38759999999999994
0.4029
0.3927
0.38759999999999994
0.3978
0.3927
0.4029
0.38759999999999994
0.38759999999999994
0.38759999999999994
0.38759999999999994
0.3927
0.38759999999999994
0.64643
0.38759999999999994
0.38759999999999994
0.3927
0.3927
0.43773999999999996
0.4029
0.3978
0.3978
0.3978
0.3978
0.46409999999999996
0.3978
0.3978
0.38249999999999995
0.3978
0.3927
0.38759999999999994
0.38759999999999994
0.38249999999999995
0.38249999999999995
0.38759999999999994
0.3927
0.3978
0.38759999999999994
0.38249999999999995
0.38683999999999996
0.3927
0.3927
0.54463
0.38759999999999994
0.38759999999999994
0.4029
0.3978
0.38249999999999995
0.44369999999999993
0.38759999999999994
0.38759999999999994
0.38759999999999994
0.43773999999999996
0.45389999999999997
0.44369999999999993
0.38759999999999994
0.4029
0.38759999999999994
0.4233
0.4029
0.38249999999999995
0.38759999999999994
0.38249999999999995
0.38759999999999994
0.3927
0.4233
0.3927
0.38759999999999994
0.38759999999999994
0.38759999999999994
0.4029
0.38759999999999994
0.38759999999999994
0.3927
0.38249999999999995
0.38249999999999995
0.38759999999999994
0.509
0.38759999999999994
0.38759999999999994
0.4029
0.3927
0.5293599999999999
0.3927
0.38759999999999994
0.38759999999999994
0.41229
0.3927
0.45300999999999997
0.38759999999999994
0.38249999999999995
0.3978
0.38759999999999994
0.38759999999999994
0.38759999999999994
0.4029
0.40210999999999997
0.4029
0.4029
0.3978
0.4029
0.408
0.3978
0.38759999999999994
0.38759999999999994
1.67461
0.9009299999999999
0.68206
0.38759999999999994
0.49882
0.9467399999999999
0.8347600000000001
0.44792
0.38759999999999994
0.40210999999999997
0.38249999999999995
0.38759999999999994
0.44369999999999993
1.0485399999999998
0.6769700000000001
0.4487999999999999
0.8347600000000001
0.38759999999999994
0.48355
0.38759999999999994
0.38683999999999996
0.38759999999999994
0.38249999999999995
0.4029
0.3927
0.3927
0.38759999999999994
0.38759999999999994
0.43859999999999993
0.3927
0.4029
0.41309999999999997
0.38759999999999994
0.38759999999999994
0.40210999999999997
0.40210999999999997
0.43265000000000003
0.38759999999999994
0.3978
0.3927
0.408
0.45809999999999995
0.43265000000000003
0.4233
0.4029
0.38759999999999994
0.38759999999999994
0.44369999999999993
0.38759999999999994
0.41309999999999997
0.3927
0.408
0.49979999999999997
0.70242
0.38759999999999994
0.3927
0.38759999999999994
0.38249999999999995
0.3927
0.46409999999999996
0.38249999999999995
0.408
0.38759999999999994
0.3978
0.38759999999999994
0.45300999999999997
0.4233
0.39702
0.408
0.408
0.3978
0.45899999999999996
0.4029
0.4029
0.4029
0.3927
0.45389999999999997
0.51918
0.38759999999999994
0.38759999999999994
0.38249999999999995
0.408
0.408
0.38759999999999994
0.38759999999999994
0.38759999999999994
0.39702
0.38759999999999994
0.41309999999999997
0.38759999999999994
0.38759999999999994
0.38759999999999994
0.3978
0.3978
0.38249999999999995
0.3978
0.3927
0.38249999999999995
0.39702
0.39193
0.44282999999999995
0.4182
0.3927
0.38759999999999994
0.38759999999999994
0.5293599999999999
0.4182
0.38249999999999995
0.38759999999999994
0.3978
0.38759999999999994
0.44369999999999993
0.38759999999999994
0.41309999999999997
0.41309999999999997
0.38759999999999994
0.4029
0.38249999999999995
0.38759999999999994
0.38759999999999994
0.38759999999999994
0.38759999999999994
0.3978
0.41229
0.38175
0.3927
0.41309999999999997
0.3927
0.38759999999999994
0.4029
0.38759999999999994
0.38759999999999994
0.3927
0.4029
0.38759999999999994
0.44792
0.38759999999999994
0.408
0.40210999999999997
0.40210999999999997
0.5609999999999999
0.408
0.4029
0.3978
0.408
0.4029
0.42756
0.4029
0.40210999999999997
0.3978
0.4029
0.39702
0.41738000000000003
0.38759999999999994
0.3927
0.38175
0.38759999999999994
0.3978
0.38249999999999995
0.38249999999999995
0.38249999999999995
0.4233
0.3978
0.3927
0.53954
0.81949
0.45389999999999997
0.4487999999999999
0.38759999999999994
0.41309999999999997
0.4182
0.38759999999999994
0.56499
0.38759999999999994
0.45809999999999995
0.46319
0.38683999999999996
0.3927
0.39193
0.38759999999999994
0.38759999999999994
0.44369999999999993
0.38683999999999996
0.38759999999999994
0.41229
0.8907499999999999
0.40210999999999997
0.38683999999999996
0.4072
0.44792
0.3978
0.3978
0.3927
0.4029
0.38759999999999994
0.38759999999999994
0.4029
0.41309999999999997
0.38759999999999994
0.45300999999999997
0.38683999999999996
0.3927
0.4335
0.38759999999999994
0.44792
0.4284
0.38759999999999994
0.38759999999999994
0.3978
0.42756
0.4233
0.38759999999999994
0.38759999999999994
0.3927
0.38759999999999994
0.4029
0.3927
0.4335
0.4029
0.4029
0.4182
0.4029
0.6006199999999999
0.408
0.40210999999999997
0.38759999999999994
0.4029
0.3927
0.5559
0.408
0.38759999999999994
0.41229
0.38249999999999995
0.44282999999999995
0.38759999999999994
0.38249999999999995
0.38683999999999996
0.3927
0.38759999999999994
0.4029
0.3978
0.4029
0.4072
0.38759999999999994
0.45389999999999997
TEST #3
0.38759999999999994
0.40210999999999997
0.38759999999999994
0.3927
0.41309999999999997
0.3927
0.38759999999999994
0.3927
0.3978
0.38249999999999995
0.44369999999999993
0.3978
0.408
0.38249999999999995
0.44282999999999995
0.3927
0.38759999999999994
0.38683999999999996
0.38759999999999994
0.38759999999999994
0.3927
0.38759999999999994
0.69733
0.38759999999999994
0.38759999999999994
0.38759999999999994
0.408
0.38759999999999994
0.408
0.3978
0.39193
0.3927
0.3927
0.3927
0.43859999999999993
0.38759999999999994
0.4029
0.38759999999999994
0.38759999999999994
0.45389999999999997
0.38759999999999994
0.38759999999999994
0.53954
0.3927
0.3927
0.41229
0.408
0.4029
0.43265000000000003
0.41309999999999997
0.4233
0.4029
0.4029
0.4029
0.4029
0.41309999999999997
0.41309999999999997
0.3978
0.38759999999999994
0.38759999999999994
0.39193
0.41309999999999997
0.408
0.43859999999999993
0.3978
0.38759999999999994
0.4182
0.38759999999999994
0.41309999999999997
0.47336999999999996
0.38683999999999996
0.3978
0.38759999999999994
0.408
0.38759999999999994
0.38759999999999994
0.38249999999999995
0.38759999999999994
0.42756
0.4029
0.38759999999999994
0.3978
0.3927
0.4284
0.38759999999999994
0.408
0.4284
0.38759999999999994
0.3927
0.38249999999999995
0.3978
0.38759999999999994
0.4182
0.3978
0.38759999999999994
0.3927
0.3927
0.38683999999999996
0.44282999999999995
0.41309999999999997
0.3978
0.38249999999999995
0.4029
0.43773999999999996
0.38759999999999994
0.3978
0.3978
0.39702
0.38759999999999994
0.4335
0.38759999999999994
0.38759999999999994
0.3978
0.3927
0.4029
0.3978
0.4182
0.3927
0.3927
0.44282999999999995
0.3978
0.4182
0.38759999999999994
0.408
0.40210999999999997
0.4029
0.40210999999999997
0.44369999999999993
0.408
0.4029
0.4029
0.4335
0.41738000000000003
0.45389999999999997
0.38759999999999994
0.38759999999999994
0.38759999999999994
0.38249999999999995
0.57008
0.53445
0.38249999999999995
0.38759999999999994
0.38759999999999994
0.3927
0.41229
0.38683999999999996
0.3978
0.38249999999999995
0.38759999999999994
0.38759999999999994
0.38759999999999994
0.3978
0.38683999999999996
0.40210999999999997
0.3978
0.38759999999999994
0.3978
0.4029
0.3927
0.38175
0.38759999999999994
0.38759999999999994
0.45300999999999997
0.41229
0.3978
0.38759999999999994
0.38683999999999996
0.55481
0.4182
0.3927
0.38759999999999994
0.38759999999999994
0.38249999999999995
0.44369999999999993
0.40210999999999997
0.38175
0.38759999999999994
0.38249999999999995
0.4029
0.54463
0.408
0.408
0.3978
0.39702
0.38249999999999995
0.3978
0.3978
0.38759999999999994
0.3927
0.38175
0.408
0.42756
0.38249999999999995
0.3927
0.39702
0.3927
0.38759999999999994
0.4284
0.39702
0.39702
0.3978
0.4029
0.4845
0.4182
0.3978
0.4029
0.4072
0.41229
0.4284
0.3978
0.4029
0.38759999999999994
0.408
0.38759999999999994
0.3927
0.4072
0.38759999999999994
0.38759999999999994
0.38759999999999994
0.3978
0.38683999999999996
0.38759999999999994
0.38759999999999994
0.38249999999999995
0.3927
0.39702
0.45389999999999997
0.38683999999999996
0.38759999999999994
0.4029
0.38249999999999995
0.42247
0.4182
0.4182
0.38175
0.38249999999999995
0.38759999999999994
0.43265000000000003
0.44369999999999993
0.38249999999999995
0.408
0.38759999999999994
0.3927
0.38249999999999995
0.39193
0.38759999999999994
0.3978
0.39193
0.38759999999999994
0.41309999999999997
0.40210999999999997
0.38759999999999994
0.38249999999999995
0.38759999999999994
0.38759999999999994
0.4182
0.38759999999999994
0.4029
0.38759999999999994
0.3927
0.38759999999999994
0.4029
0.41229
0.38175
0.3927
0.38759999999999994
0.4487999999999999
0.38759999999999994
0.38175
0.38759999999999994
0.3927
0.3978
0.3978
0.63625
0.4029
0.3927
0.41309999999999997
0.3978
0.3978
0.4029
0.3978
0.4029
0.3978
0.3927
0.408
0.408
0.3978
0.38759999999999994
0.38249999999999995
0.38175
0.44282999999999995
0.4029
0.41309999999999997
0.38759999999999994
0.3927
0.4335
0.38683999999999996
0.38759999999999994
0.43265000000000003
0.38249999999999995
0.3927
0.43773999999999996
0.38759999999999994
0.3927
0.38249999999999995
0.3927
0.38759999999999994
0.38249999999999995
0.3927
0.3978
0.38759999999999994
0.38759999999999994
0.38759999999999994
0.3978
0.3927
0.38759999999999994
0.38683999999999996
0.37229999999999996
0.38249999999999995
0.44369999999999993
0.3927
0.38759999999999994
0.38759999999999994
0.38759999999999994
0.3978
0.4335
0.38759999999999994
0.38759999999999994
0.4029
0.4029
0.44369999999999993
0.38683999999999996
0.38759999999999994
0.38759999999999994
0.3927
0.38759999999999994
0.5599
0.38249999999999995
0.38249999999999995
0.38249999999999995
0.3927
0.37229999999999996
0.38249999999999995
0.38759999999999994
0.3927
0.38759999999999994
0.3978
0.3978
0.38759999999999994
0.38249999999999995
0.3927
0.42756
0.3978
0.39702
0.46319
0.3978
0.4072
0.40210999999999997
0.408
0.4335
0.39193
0.38683999999999996
0.39193
0.40210999999999997
0.41309999999999997
0.43859999999999993
0.38759999999999994
0.4029
0.41309999999999997
0.4182
0.38759999999999994
0.3927
0.38759999999999994
0.38249999999999995
0.38759999999999994
0.38759999999999994
0.38759999999999994
0.39193
0.38249999999999995
0.38759999999999994
0.38759999999999994
0.41738000000000003
0.3927
0.56499
0.408
0.39193
0.4284
0.3927
0.41229
0.4284
0.38759999999999994
0.38759999999999994
0.3927
0.41309999999999997
0.38759999999999994
0.44369999999999993
0.39193
0.408
0.3927
0.38759999999999994
0.50391
0.3978
0.3927
0.38683999999999996
0.4182
0.3978
0.38249999999999995
0.3927
0.3927
0.3927
0.4284
0.38249999999999995
0.408
0.43265000000000003
0.38249999999999995
0.40210999999999997
0.39702
0.3978
0.41309999999999997
0.38759999999999994
0.3927
0.3978
0.4072
0.45300999999999997
0.38175
0.38683999999999996
0.4029
0.4029
0.4029
0.3978
0.45300999999999997
0.3978
0.39702
0.408
0.3978
0.6476999999999999
0.38249999999999995
0.38249999999999995
0.38249999999999995
0.3927
0.38759999999999994
0.37739999999999996
0.38759999999999994
0.38249999999999995
0.37666
0.38249999999999995
0.38249999999999995
0.45300999999999997
0.38249999999999995
0.38759999999999994
0.38759999999999994
0.9060199999999999
0.58535
0.38759999999999994
1.18597
0.43859999999999993
0.4029
0.39702
0.38683999999999996
0.38759999999999994
0.50391
1.06381
0.45389999999999997
0.43265000000000003
0.64134
0.38683999999999996
0.3927
0.44282999999999995
0.46919999999999995
0.42756
0.44282999999999995
0.53954
0.44369999999999993
0.43859999999999993
0.4335
0.43265000000000003
0.4845
0.44792
0.4284
0.4335
0.39193
0.48355
0.44792
0.38683999999999996
0.3927
0.42756
0.4029
0.4487999999999999
0.5049
0.38759999999999994
0.3927
0.38249999999999995
0.38759999999999994
0.38249999999999995
0.4029
0.38759999999999994
0.38759999999999994
0.3978
0.4029
0.38249999999999995
0.38759999999999994
0.38759999999999994
0.4029
0.4029
0.3978
0.4233
0.3978
0.4029
0.3978
0.408
0.43773999999999996
0.46319
0.38249999999999995
TEST #4
0.38759999999999994
0.3927
0.3927
0.4182
0.4182
0.3978
0.39702
0.38759999999999994
0.39193
0.48355
0.75332
0.38759999999999994
0.3927
0.3927
0.4029
0.3927
0.38249999999999995
0.38683999999999996
0.38249999999999995
0.4029
0.38759999999999994
0.4284
0.408
0.38759999999999994
0.38175
0.38249999999999995
0.4029
0.41309999999999997
0.38759999999999994
0.38759999999999994
0.39193
0.38759999999999994
0.38759999999999994
0.3978
0.41309999999999997
0.3927
0.3978
0.38759999999999994
0.44369999999999993
0.38249999999999995
0.3927
0.408
0.3927
0.43265000000000003
0.4487999999999999
0.38759999999999994
0.408
0.3927
0.38759999999999994
0.38249999999999995
0.4335
0.38759999999999994
0.38249999999999995
0.38759999999999994
0.3927
0.38759999999999994
0.3927
0.38759999999999994
0.4029
0.38249999999999995
0.3927
0.38249999999999995
0.4845
0.38249999999999995
0.3978
0.408
0.41309999999999997
0.43859999999999993
0.4233
0.40210999999999997
0.4029
1.53209
0.4233
0.43859999999999993
0.4029
0.4029
0.38249999999999995
0.3978
0.3978
0.5762999999999999
0.38759999999999994
0.3978
0.38759999999999994
0.38759999999999994
0.38249999999999995
0.3927
0.38759999999999994
0.38759999999999994
0.3927
0.38759999999999994
0.3927
0.4182
0.408
0.38759999999999994
0.38249999999999995
0.3927
0.38759999999999994
0.45899999999999996
0.3978
0.38759999999999994
0.38759999999999994
0.4029
0.45389999999999997
0.38759999999999994
0.41738000000000003
0.4335
0.39193
0.38759999999999994
0.4029
0.3978
0.408
0.38249999999999995
0.43859999999999993
0.38249999999999995
0.38759999999999994
0.38759999999999994
0.38759999999999994
0.41229
0.38249999999999995
0.38249999999999995
0.38759999999999994
0.38759999999999994
0.3978
0.38759999999999994
0.38759999999999994
0.38759999999999994
0.5355
0.38759999999999994
0.3978
0.43859999999999993
0.3927
0.4233
0.41309999999999997
0.3978
0.4182
0.3978
0.3927
0.4487999999999999
0.6108
0.38683999999999996
0.3978
0.3978
0.4029
0.7278699999999999
0.3978
0.4029
0.39193
0.4029
0.4029
0.38759999999999994
0.38759999999999994
0.38249999999999995
0.38759999999999994
0.3927
0.38759999999999994
0.41738000000000003
0.38759999999999994
0.38759999999999994
0.4029
0.3927
0.38759999999999994
0.45899999999999996
0.38759999999999994
0.4029
0.38249999999999995
0.38249999999999995
0.49373
0.43265000000000003
0.408
0.38759999999999994
0.39193
0.38683999999999996
0.408
0.38759999999999994
0.4029
0.41309999999999997
0.38759999999999994
0.3927
0.62098
0.38249999999999995
0.38759999999999994
0.38249999999999995
0.3927
0.38759999999999994
0.4029
0.38759999999999994
0.38759999999999994
0.44369999999999993
0.45300999999999997
0.38175
0.45389999999999997
0.38249999999999995
0.38759999999999994
0.3927
0.3927
0.42756
0.408
0.38759999999999994
0.3927
0.408
0.408
0.3978
0.3927
0.38759999999999994
0.38249999999999995
0.408
0.38759999999999994
0.38759999999999994
0.3927
0.38759999999999994
0.3927
0.3927
0.3978
0.3978
0.3927
0.38759999999999994
0.408
0.408
0.4072
0.43265000000000003
0.408
0.3978
0.4029
0.41309999999999997
0.408
0.45300999999999997
0.66679
0.38249999999999995
0.41229
0.38249999999999995
0.4284
0.38759999999999994
0.38759999999999994
0.38759999999999994
0.38759999999999994
0.3927
0.3978
0.4029
0.38759999999999994
0.3978
0.38249999999999995
0.38759999999999994
0.38759999999999994
0.4335
0.4335
0.4284
0.45899999999999996
0.4284
0.49373
0.43773999999999996
0.4335
0.43859999999999993
0.44369999999999993
0.45389999999999997
0.4896
0.4335
0.7278699999999999
0.46919999999999995
0.45899999999999996
0.50391
0.45899999999999996
0.4335
0.8907499999999999
0.88057
0.89584
0.62098
0.8907499999999999
0.73296
0.43265000000000003
0.43859999999999993
0.47429999999999994
0.78386
0.42756
0.46319
0.49979999999999997
0.8856599999999999
0.8907499999999999
0.4335
0.4335
0.4335
0.43859999999999993
0.45899999999999996
0.43859999999999993
0.51918
0.45300999999999997
0.43859999999999993
0.43859999999999993
0.4896
0.46409999999999996
0.49882
0.4335
0.44369999999999993
0.45300999999999997
0.44369999999999993
0.44282999999999995
0.45300999999999997
0.44369999999999993
0.44369999999999993
0.44282999999999995
0.4487999999999999
0.44369999999999993
0.45389999999999997
0.4335
0.42756
0.43773999999999996
0.4335
0.4335
0.4233
0.44369999999999993
0.4284
0.4335
0.43859999999999993
0.509
0.4284
0.4335
0.43859999999999993
0.45809999999999995
0.4284
0.4845
0.4284
0.45899999999999996
0.43859999999999993
0.4335
0.48864
0.6108
0.43859999999999993
0.43859999999999993
0.4284
0.42756
0.43859999999999993
0.42756
0.4335
0.44792
0.4284
0.4335
0.4284
0.42756
0.4335
0.4335
0.43859999999999993
0.4335
0.51409
0.4335
0.43265000000000003
0.4335
0.43859999999999993
0.43859999999999993
0.5865
0.43859999999999993
0.4487999999999999
0.43773999999999996
0.4284
0.58535
0.4794
0.45300999999999997
0.4284
0.4335
0.43859999999999993
0.48355
0.42756
0.4284
0.4335
0.43265000000000003
0.44369999999999993
0.42756
0.53445
0.45899999999999996
0.43859999999999993
0.44282999999999995
0.44369999999999993
0.44369999999999993
0.43773999999999996
0.4487999999999999
0.43859999999999993
0.4487999999999999
0.4487999999999999
0.47429999999999994
0.43859999999999993
0.4335
0.4335
0.42756
0.43859999999999993
0.48355
0.4284
0.4284
0.44369999999999993
0.43265000000000003
0.509
0.44369999999999993
0.4335
0.4233
0.4335
0.4284
0.4487999999999999
0.4284
0.43265000000000003
0.4794
0.4335
0.4335
0.4284
0.4335
0.4335
0.4335
0.43859999999999993
0.43773999999999996
0.43773999999999996
0.4284
0.43265000000000003
0.4284
0.44369999999999993
0.42756
0.5049
0.45389999999999997
0.45389999999999997
0.44369999999999993
0.4335
0.46409999999999996
0.53445
0.42756
0.44369999999999993
0.44369999999999993
0.43859999999999993
0.43859999999999993
0.4335
0.49882
0.4335
0.43859999999999993
0.4335
1.12489
0.43859999999999993
0.4335
0.4335
0.43859999999999993
0.44369999999999993
0.43859999999999993
0.4335
0.46409999999999996
0.45389999999999997
0.509
0.4335
0.45389999999999997
0.43859999999999993
0.4335
0.44369999999999993
0.45899999999999996
0.44369999999999993
0.49882
0.45300999999999997
0.44282999999999995
0.4896
0.45389999999999997
0.64643
0.43859999999999993
0.43265000000000003
0.43265000000000003
0.43859999999999993
0.44369999999999993
0.4947
0.4335
0.4335
0.4335
0.43859999999999993
0.4335
0.4335
0.44369999999999993
0.4335
0.43859999999999993
0.4335
0.4284
0.4487999999999999
0.43265000000000003
0.44369999999999993
0.4487999999999999
0.44369999999999993
0.4335
0.4845
0.44282999999999995
0.4284
0.44369999999999993
0.4284
0.5293599999999999
0.48864
0.4284
0.4487999999999999
0.57008
0.4284
0.4947
0.44369999999999993
0.43265000000000003
0.44369999999999993
0.44369999999999993
0.4335
0.6922400000000001
0.4335
0.43859999999999993
0.45389999999999997
0.4335
0.4335
0.4335
0.4335
0.4335
0.45899999999999996
0.44282999999999995
0.46409999999999996
0.4335
0.4284
0.4284
0.46409999999999996
0.44282999999999995
0.4284
0.4896
0.4335
0.4284
TEST #5
0.43859999999999993
0.47429999999999994
0.58026
0.44369999999999993
0.42756
0.43859999999999993
0.44792
0.49882
0.44369999999999993
0.7227799999999999
0.4487999999999999
0.44369999999999993
0.44369999999999993
0.44369999999999993
0.4335
0.44792
0.45389999999999997
0.4284
0.4335
0.43859999999999993
0.4335
0.43859999999999993
0.43265000000000003
0.43265000000000003
0.4335
0.45389999999999997
0.46828
0.4335
0.43859999999999993
0.44369999999999993
0.4335
0.43859999999999993
0.44792
0.4335
0.4335
0.4335
0.4335
0.48864
0.4284
0.43859999999999993
0.4335
0.4335
0.43859999999999993
0.44369999999999993
0.4335
0.4284
0.4335
0.4335
0.4284
0.48355
0.4284
0.4335
0.43773999999999996
0.45300999999999997
0.42756
0.4335
0.44369999999999993
0.43859999999999993
0.4335
0.43265000000000003
0.4335
0.4896
0.46919999999999995
0.4284
0.43859999999999993
0.45809999999999995
0.4896
0.44282999999999995
0.4487999999999999
0.42756
0.42756
0.4335
0.49979999999999997
0.4335
0.4284
0.4284
0.42756
0.4335
0.46919999999999995
0.4284
0.44282999999999995
0.44282999999999995
0.44369999999999993
0.44369999999999993
0.44369999999999993
0.44282999999999995
0.44369999999999993
0.44792
0.5201999999999999
0.45389999999999997
0.53445
0.43265000000000003
0.4335
0.44282999999999995
0.44369999999999993
0.4487999999999999
0.58535
0.43265000000000003
0.43265000000000003
0.4335
0.43773999999999996
0.4794
0.46319
0.43773999999999996
0.44792
0.44282999999999995
0.4335
0.4845
0.60571
0.43265000000000003
0.43773999999999996
0.44369999999999993
0.4335
0.4335
0.4335
0.43773999999999996
0.4335
0.44369999999999993
0.45300999999999997
0.44792
0.43265000000000003
0.43265000000000003
0.4335
0.43859999999999993
0.45809999999999995
0.4896
0.4335
0.4335
0.46919999999999995
0.4335
0.43265000000000003
0.48864
0.43859999999999993
0.43265000000000003
0.4335
0.4487999999999999
0.51918
0.45389999999999997
0.4335
0.45389999999999997
0.43859999999999993
0.43773999999999996
0.51409
0.60571
0.43265000000000003
0.4335
0.43265000000000003
0.4335
0.4335
0.45899999999999996
0.4335
0.4487999999999999
0.45389999999999997
0.45300999999999997
0.43859999999999993
0.43265000000000003
0.48864
0.46409999999999996
0.45300999999999997
0.44792
0.509
0.44792
0.4487999999999999
0.4487999999999999
0.45389999999999997
0.45300999999999997
0.49373
0.44282999999999995
0.4284
0.43859999999999993
0.43859999999999993
0.5049
0.4335
0.48355
0.4335
0.4335
0.4335
0.55481
0.42756
0.4335
0.44369999999999993
0.43859999999999993
0.4284
0.43859999999999993
0.43859999999999993
0.4233
0.4284
0.4335
0.4284
0.44369999999999993
0.46919999999999995
0.43859999999999993
0.43773999999999996
0.4335
0.44282999999999995
0.4845
0.43859999999999993
0.45300999999999997
0.43265000000000003
0.4284
0.56499
0.43859999999999993
0.4335
0.4284
0.43859999999999993
0.4335
0.47429999999999994
0.46319
0.43859999999999993
0.43773999999999996
0.42756
0.4284
0.5242699999999999
0.4284
0.43265000000000003
0.43859999999999993
0.4487999999999999
0.4335
0.45300999999999997
0.43265000000000003
0.45389999999999997
0.44369999999999993
0.4487999999999999
0.44369999999999993
0.47429999999999994
0.44282999999999995
0.43859999999999993
0.4947
0.4335
0.4487999999999999
0.43859999999999993
0.4335
0.4487999999999999
0.44369999999999993
0.4487999999999999
0.45389999999999997
0.44282999999999995
0.44282999999999995
0.43859999999999993
0.44282999999999995
0.44369999999999993
0.43859999999999993
0.45300999999999997
0.46409999999999996
0.4335
0.9467399999999999
0.93656
0.4896
0.42756
0.45899999999999996
0.4284
0.4284
0.4335
0.43265000000000003
0.43859999999999993
0.4284
0.43859999999999993
0.4284
0.4335
0.54972
0.42756
0.4335
0.50391
0.4284
0.47336999999999996
0.4487999999999999
0.4335
0.46409999999999996
0.4335
0.4487999999999999
0.46919999999999995
0.6311599999999999
0.4284
0.44369999999999993
0.43773999999999996
0.4335
0.45899999999999996
0.4335
0.45809999999999995
0.43773999999999996
0.44792
0.43859999999999993
0.43859999999999993
0.4487999999999999
0.45389999999999997
0.47846
0.43265000000000003
0.43859999999999993
0.46919999999999995
0.4335
0.46409999999999996
0.45300999999999997
0.43265000000000003
0.43859999999999993
0.47429999999999994
0.4335
0.43859999999999993
0.43859999999999993
0.43265000000000003
0.4947
0.4335
0.42756
0.45899999999999996
0.45899999999999996
0.4487999999999999
0.45389999999999997
0.6108
0.4284
0.46319
0.45389999999999997
0.44369999999999993
0.44792
0.45300999999999997
0.4487999999999999
0.4487999999999999
0.45300999999999997
0.4487999999999999
0.44369999999999993
0.43859999999999993
0.4335
0.4335
0.43859999999999993
0.38683999999999996
0.45300999999999997
0.4029
0.4029
0.4072
0.38249999999999995
0.4233
0.4794
0.3927
0.38759999999999994
0.38759999999999994
0.38759999999999994
0.44282999999999995
0.38249999999999995
0.38249999999999995
0.38249999999999995
0.408
0.38249999999999995
0.38759999999999994
0.38249999999999995
0.39193
0.3927
0.4182
0.4029
0.38759999999999994
1.0841699999999999
0.4029
0.4182
0.38759999999999994
0.38249999999999995
0.4029
0.38759999999999994
0.38759999999999994
0.39702
0.3978
0.38759999999999994
0.4284
0.38759999999999994
0.38249999999999995
0.4182
0.4233
0.4335
0.3927
0.38249999999999995
0.3978
0.38759999999999994
0.3978
0.4233
0.70242
0.38249999999999995
0.38759999999999994
0.40210999999999997
0.41309999999999997
0.38759999999999994
0.38249999999999995
0.4029
0.3978
0.3927
0.38249999999999995
0.3927
0.38759999999999994
0.3927
0.3978
0.4029
0.4029
0.44369999999999993
0.3978
0.3978
0.4029
0.3978
0.44792
0.45899999999999996
0.38759999999999994
0.38759999999999994
0.38759999999999994
0.3927
0.38759999999999994
0.38759999999999994
0.3927
0.38249999999999995
0.38759999999999994
0.3927
0.3978
0.38759999999999994
0.3927
0.38759999999999994
0.3927
0.38759999999999994
0.38249999999999995
0.42756
0.38249999999999995
0.3978
0.38759999999999994
0.38759999999999994
0.38759999999999994
0.3978
0.38759999999999994
0.54972
0.4284
0.38249999999999995
0.44792
0.38175
0.4029
0.38759999999999994
0.38759999999999994
0.4284
0.38759999999999994
0.408
0.4029
0.41309999999999997
0.4182
0.4335
0.38759999999999994
0.3927
0.41309999999999997
0.51918
0.3927
0.38759999999999994
0.408
0.38759999999999994
0.38759999999999994
0.38759999999999994
0.3927
0.41309999999999997
0.38249999999999995
0.3927
0.38249999999999995
0.38759999999999994
0.6006199999999999
0.43265000000000003
0.3927
0.38249999999999995
0.3978
0.4029
0.38759999999999994
0.47336999999999996
0.38759999999999994
0.44369999999999993
0.39702
0.4029
0.49882
0.4029
0.4029
0.3978
0.4072
0.4029
0.41309999999999997
0.38759999999999994
0.408
0.39193
0.40210999999999997
0.38683999999999996
0.7176899999999999
0.3978
0.38759999999999994
0.3978
0.38759999999999994
0.41309999999999997
0.40210999999999997
0.39702
0.3978
0.41309999999999997
0.38249999999999995
0.38249999999999995
0.45300999999999997
0.408
0.38249999999999995
0.4029
0.38249999999999995
0.4233
0.38759999999999994
0.38759999999999994
0.38175
0.3978
0.4029
0.43859999999999993
0.38249999999999995
0.38759999999999994
0.408
0.3927
0.4029
0.408
0.38759999999999994
0.38759999999999994
0.42247
0.38759999999999994
0.38249999999999995
0.4029
0.38759999999999994
0.38759999999999994
0.38759999999999994
