TEST #1
0.90932
1.08712
1.0312400000000002
1.08712
1.28271
0.9804400000000001
1.06172
0.68206
1.1226800000000001
1.05156
0.9398
0.70242
0.68206
1.05664
0.6769700000000001
0.70242
0.8653000000000001
1.05664
1.13284
1.08204
0.73296
0.7736799999999999
1.05156
1.05664
1.12776
1.07696
0.9467399999999999
1.6173300000000002
0.7176899999999999
1.07188
1.07696
0.68206
0.9467399999999999
0.68206
1.1176
1.09944
0.70242
0.7126
0.9009299999999999
1.03836
0.6922400000000001
0.8907499999999999
1.13284
1.06381
0.8653000000000001
1.34112
0.7126
1.0485399999999998
0.68206
0.67188
1.3309600000000001
1.0332700000000001
1.0587199999999999
0.6922400000000001
1.16561
0.82967
0.6769700000000001
0.68206
1.02309
1.02818
0.7176899999999999
1.07908
1.04345
1.12489
0.69733
0.69733
0.9467399999999999
1.10453
1.09728
0.68715
0.6769700000000001
0.7431399999999999
1.02309
1.03836
1.15543
1.0841699999999999
0.67188
2.37314
1.04345
0.70242
0.68715
1.09944
0.9467399999999999
1.0587199999999999
0.70242
1.07908
0.69733
0.7635
0.77877
0.8653000000000001
1.12998
0.6922400000000001
0.68715
0.77877
1.13507
1.0485399999999998
0.8907499999999999
0.7075100000000001
0.6922400000000001
0.89584
1.03836
0.69733
1.20633
1.12998
1.10962
0.68715
1.10962
1.09435
0.87039
0.73805
1.16052
0.69733
1.02818
0.69733
0.6922400000000001
0.87039
1.25214
0.70242
0.70242
0.68715
0.7635
0.93656
0.6769700000000001
0.68206
0.96201
0.6769700000000001
0.6922400000000001
0.91111
1.0485399999999998
1.0485399999999998
1.3360400000000001
1.04345
0.7227799999999999
0.7584099999999999
1.16052
0.7126
1.1147099999999999
0.70242
0.78386
1.0485399999999998
1.06381
1.01291
1.1147099999999999
0.8856599999999999
0.9212899999999999
0.7126
1.0587199999999999
0.68715
0.7075100000000001
0.6922400000000001
0.9009299999999999
0.7075100000000001
1.06381
0.6922400000000001
1.03836
0.69733
1.0536299999999998
0.69733
1.09944
1.10453
0.6922400000000001
1.15034
0.9212899999999999
0.6769700000000001
1.04345
1.07399
1.0332700000000001
0.70242
1.02309
1.0485399999999998
1.0841699999999999
0.68206
0.69733
0.9314699999999999
1.1198
0.6922400000000001
1.04345
1.0332700000000001
0.7176899999999999
1.03836
0.6769700000000001
1.07399
0.6922400000000001
0.86021
1.0332700000000001
0.9161999999999999
1.39192
1.10962
1.4681199999999999
0.70242
0.7176899999999999
0.8856599999999999
1.0689
0.69733
0.6769700000000001
0.69733
0.6922400000000001
1.1582400000000002
1.0536299999999998
1.02818
0.6922400000000001
1.018
1.018
0.68206
0.7075100000000001
1.07908
0.87039
0.91111
0.73296
1.0689
0.7075100000000001
0.70242
1.0587199999999999
0.9671
0.97219
1.0587199999999999
1.07908
0.7278699999999999
0.76859
1.07908
1.0587199999999999
0.7075100000000001
1.02818
0.7176899999999999
0.9467399999999999
1.02309
0.87039
0.68715
1.0027300000000001
1.0689
0.9212899999999999
0.68715
1.0841699999999999
1.0485399999999998
0.6769700000000001
0.69733
0.8856599999999999
0.7176899999999999
1.0689
0.68206
0.8500300000000001
1.1582400000000002
0.9161999999999999
1.0332700000000001
0.7176899999999999
0.68206
1.08926
0.6769700000000001
0.9212899999999999
1.0587199999999999
1.04345
1.0332700000000001
0.6922400000000001
0.7584099999999999
1.0587199999999999
0.7431399999999999
1.10453
0.68206
0.7075100000000001
2.02293
1.1147099999999999
1.04345
1.0536299999999998
0.6922400000000001
1.09944
0.9212899999999999
1.04345
0.69733
0.8907499999999999
0.7075100000000001
0.67188
0.8653000000000001
1.06381
0.87039
1.03836
0.7278699999999999
0.68715
1.68148
1.03836
0.7227799999999999
1.07399
0.69733
0.95183
0.68715
1.06381
1.08926
0.7075100000000001
0.75332
0.8144
1.018
0.9212899999999999
1.04345
1.04345
0.93656
0.7075100000000001
1.23444
0.95183
1.02309
1.18088
0.91111
1.19106
0.74823
0.7176899999999999
0.68715
1.0841699999999999
0.69733
0.9161999999999999
1.0332700000000001
1.10962
0.87039
0.68715
0.68206
0.7584099999999999
1.58496
0.7126
1.04345
0.6922400000000001
0.97219
0.94165
1.0587199999999999
1.07908
1.0485399999999998
1.08926
0.78386
1.09435
0.69733
1.1198
0.6922400000000001
0.7075100000000001
0.89584
1.16052
1.30813
1.03836
0.69733
0.6922400000000001
0.87039
0.70242
1.0841699999999999
0.6922400000000001
0.69733
0.8653000000000001
0.9161999999999999
1.03836
1.03836
1.1757900000000001
0.6922400000000001
0.70242
0.9671
1.02818
1.00782
0.7227799999999999
1.13507
0.8042199999999999
1.13507
1.1198
0.70242
1.02818
0.7227799999999999
1.07908
1.03836
1.0485399999999998
1.0485399999999998
1.0027300000000001
0.7278699999999999
1.09944
1.04345
0.9467399999999999
1.27
0.69733
0.7176899999999999
0.70242
1.1198
1.0485399999999998
0.68715
0.6922400000000001
0.68715
1.02309
0.92638
0.9060199999999999
1.04345
1.18364
0.95692
1.0536299999999998
1.0332700000000001
0.7227799999999999
1.0536299999999998
1.12998
0.78386
0.70242
0.68715
1.03836
0.70242
1.0536299999999998
1.0536299999999998
2.22066
0.6922400000000001
1.0536299999999998
0.7176899999999999
1.0689
0.87039
1.06381
0.69733
0.70242
1.03836
1.07908
0.9161999999999999
1.0332700000000001
0.6922400000000001
0.8653000000000001
1.2446
3.0056399999999996
1.00782
1.03836
1.15543
1.0841699999999999
0.69733
0.8144
1.19106
1.10453
1.0841699999999999
0.70242
0.89584
0.78386
1.51892
0.69733
0.6922400000000001
1.12489
0.7126
1.03836
1.0689
1.10962
0.68715
1.0536299999999998
0.7126
0.8653000000000001
1.018
1.09944
0.7075100000000001
1.0689
0.69733
0.99764
1.29795
0.7075100000000001
1.10962
0.70242
1.2216
1.10453
1.10453
0.9671
0.6769700000000001
0.68715
0.8042199999999999
1.0841699999999999
1.04345
1.06381
1.18088
0.7227799999999999
0.91111
0.70242
1.2725
0.6922400000000001
1.08926
0.69733
0.73296
1.0587199999999999
1.03836
1.03836
0.69733
0.97728
0.9467399999999999
1.09435
0.7075100000000001
0.6922400000000001
1.0485399999999998
0.70242
0.97219
0.87039
1.07399
1.09435
0.6922400000000001
0.7736799999999999
0.93656
1.0587199999999999
1.10962
0.6922400000000001
0.7126
0.96201
0.68715
1.0587199999999999
0.68715
1.04345
1.09435
1.018
0.6922400000000001
0.6922400000000001
1.09944
0.68715
0.6922400000000001
0.9009299999999999
1.08926
1.1147099999999999
0.70242
0.6922400000000001
1.0485399999999998
1.06381
1.0485399999999998
1.08926
0.7176899999999999
1.31064
1.09435
1.08926
1.07908
TEST #2
0.70242
1.15034
0.93656
0.7227799999999999
0.9009299999999999
0.7431399999999999
0.7431399999999999
0.70242
0.95183
1.06381
1.07908
0.7126
1.16052
1.2216
1.00782
1.0027300000000001
0.68206
0.70242
0.70242
1.25984
1.0332700000000001
0.6922400000000001
1.0332700000000001
0.6922400000000001
0.6922400000000001
1.07399
1.1147099999999999
2.8993799999999994
2.46909
2.8791399999999996
2.42853
3.2738199999999997
2.9044399999999997
2.81336
2.4082500000000002
2.3474100000000004
2.33727
2.8993799999999994
2.8437200000000002
2.51472
2.37783
2.6311999999999998
2.70231
2.54514
2.6211900000000004
2.44881
2.6465400000000003
2.24094
2.28657
3.1371999999999995
2.62614
2.48937
2.6615599999999997
2.2561500000000003
2.3524800000000003
3.15744
2.49444
2.6718900000000003
2.5958400000000004
2.15475
2.9145599999999994
2.9600999999999997
2.39304
2.52494
2.12433
2.13447
2.4792300000000003
2.58063
2.2308000000000003
2.11926
2.1141900000000002
2.2815000000000003
2.40318
2.5958400000000004
2.4843
2.2561500000000003
2.11926
2.13447
2.55528
3.26876
2.34234
2.29671
2.07363
2.11926
2.3727600000000004
2.60598
2.09898
2.25108
2.06349
2.29671
3.00058
2.2764300000000004
2.0127900000000003
2.0584200000000004
2.56035
2.56542
2.72766
2.2105200000000003
2.04828
2.06856
2.01786
2.4082500000000002
2.47416
2.16996
1.9964400000000002
2.00152
2.3575500000000003
2.24094
2.27136
2.19531
2.12433
2.42346
2.02692
2.71216
2.24601
1.9608800000000002
1.9608800000000002
1.9659600000000002
2.3524800000000003
2.6972400000000003
2.51979
2.48937
2.39811
1.9558
2.7479400000000003
2.6718900000000003
2.42346
1.99136
1.9773000000000003
1.93548
2.26629
2.44881
2.36262
1.92024
1.92024
1.91008
2.3017800000000004
2.5857
2.44374
2.21559
1.905
1.94564
2.27136
2.49951
2.4843
1.905
1.905
2.6668200000000004
3.0359999999999996
2.3474100000000004
2.36769
2.3829
2.12433
2.6262600000000003
2.6211900000000004
2.31699
2.1294
2.22066
1.9304000000000001
2.72766
2.3068500000000003
1.93548
1.86436
1.8796
1.87452
3.0309399999999997
2.21559
2.2358700000000002
2.09391
2.10405
1.905
2.15982
2.33727
1.46304
0.97219
0.8042199999999999
1.29795
1.35128
1.0332700000000001
1.24705
0.82967
0.86021
1.39975
1.9253200000000001
1.19106
0.83985
0.8144
1.18088
1.68656
1.35903
1.16052
1.0027300000000001
0.80931
0.80931
1.56464
1.03836
1.15543
0.8347600000000001
0.8144
1.20633
1.54432
1.3208
0.8653000000000001
0.82967
1.39466
1.72212
1.4681199999999999
1.24968
1.21142
0.98237
0.80931
0.8653000000000001
1.21651
1.20633
1.16561
1.00782
0.81949
0.9060199999999999
1.8491199999999999
1.16052
1.2012399999999999
0.8144
1.2216
1.73228
1.30304
0.9314699999999999
0.80931
1.14525
0.82967
1.6306800000000001
1.16561
1.3208
0.8347600000000001
0.80931
1.1198
1.07399
1.20633
0.92638
0.82458
0.8042199999999999
0.85512
1.10453
1.2623199999999999
0.80931
1.2216
0.86021
0.8653000000000001
2.00152
1.16052
0.80931
1.3793900000000001
1.2266899999999998
1.30556
1.51892
1.00782
1.04345
0.81949
1.19106
1.6306800000000001
1.34885
0.84494
1.13507
0.81949
0.8144
1.30813
1.2012399999999999
0.8653000000000001
0.95183
1.2623199999999999
0.8347600000000001
1.1961499999999998
1.16052
1.2266899999999998
1.02309
0.8042199999999999
0.85512
1.4986
1.04345
0.83985
0.8907499999999999
0.80931
1.09944
1.88468
1.21142
1.18597
0.82967
0.8144
1.7526
1.52908
1.6764000000000001
1.30304
1.13507
0.7889499999999999
1.24705
1.6256000000000002
0.82458
0.92638
0.82967
0.83985
1.08926
1.25214
0.8500300000000001
1.15543
0.85512
1.14525
1.35128
1.2266899999999998
0.8856599999999999
0.81949
0.8347600000000001
0.8856599999999999
1.8135599999999998
1.12998
0.81949
0.8042199999999999
1.16561
1.3970000000000002
1.61544
1.16561
1.02309
0.8144
0.81949
1.4731999999999998
1.20633
1.15543
0.8144
0.8856599999999999
0.7889499999999999
1.2266899999999998
1.29795
1.33867
0.79913
1.18088
0.8347600000000001
1.12998
1.18088
0.84494
1.14016
0.8042199999999999
1.24705
1.12489
1.1757900000000001
0.8042199999999999
0.83985
0.81949
1.34885
1.68148
0.97728
0.8144
0.82967
0.82967
1.7272
1.36921
1.15543
0.84494
0.8042199999999999
0.81949
1.4731999999999998
1.31831
0.99764
0.83985
0.8144
1.1757900000000001
1.10453
1.24705
0.89584
0.82967
0.9009299999999999
1.09435
1.09944
1.28268
0.8856599999999999
0.79404
1.14016
0.8653000000000001
1.98628
1.2192
0.8042199999999999
0.80931
0.88057
1.4353799999999999
1.48336
1.0027300000000001
0.83985
1.21142
0.9212899999999999
1.4173200000000001
1.19106
1.06381
1.1757900000000001
0.8042199999999999
0.8042199999999999
1.1147099999999999
1.23687
0.80931
1.04345
1.23687
0.82458
1.73228
1.018
1.21142
1.2317799999999999
0.81949
0.87039
1.57988
1.4681199999999999
0.83985
1.28268
0.85512
1.3716000000000002
1.48336
1.18597
1.63576
1.1961499999999998
1.21651
1.8084799999999999
1.4173200000000001
1.19106
1.16052
1.09944
0.8500300000000001
1.1757900000000001
1.18597
1.018
1.2725
0.79404
0.8144
1.16052
1.1707
1.06381
0.8144
0.87039
0.86021
1.09944
1.16052
1.10962
0.8144
0.82967
1.2216
1.7170400000000001
1.15543
0.8144
0.8144
0.82967
1.73228
1.38957
1.1707
0.8144
1.5087599999999999
0.79913
1.3614400000000002
1.2216
0.87039
0.8347600000000001
0.80931
0.8653000000000001
1.1198
1.03836
1.25214
0.83985
0.8653000000000001
1.34112
1.10453
1.20633
1.24196
1.0587199999999999
1.0027300000000001
0.8653000000000001
1.06381
1.1707
0.79404
0.99764
0.82458
0.8500300000000001
1.2216
1.16052
0.79913
1.26492
0.7431399999999999
1.0841699999999999
0.9314699999999999
1.0485399999999998
0.7075100000000001
1.2446
0.73296
0.70242
1.10962
0.69733
1.06381
0.8856599999999999
0.93656
0.86021
1.08926
1.03836
0.7075100000000001
0.70242
0.7635
1.10453
1.1147099999999999
1.0689
0.7227799999999999
1.6002
0.7889499999999999
1.04345
0.88057
0.8907499999999999
0.95692
1.0587199999999999
0.8856599999999999
1.1147099999999999
1.0689
1.14016
0.6922400000000001
TEST #3
0.70242
1.10453
0.73805
1.0587199999999999
1.14525
0.70242
1.51892
0.92638
0.69733
0.89584
0.8907499999999999
1.12998
1.07399
0.95183
0.87039
1.03836
0.70242
0.70242
0.7889499999999999
0.89584
0.7126
0.70242
1.16561
0.7176899999999999
1.524
1.08926
0.86021
0.70242
1.03836
0.93656
0.88057
1.0689
1.1757900000000001
0.8653000000000001
1.03836
0.6922400000000001
0.8754799999999999
1.14016
0.69733
0.70242
0.69733
0.7431399999999999
1.48336
1.0587199999999999
0.6922400000000001
1.04345
0.7736799999999999
1.14016
0.99764
1.06381
0.7126
1.03836
0.7126
1.0332700000000001
1.0485399999999998
1.03836
1.04345
0.80931
0.7075100000000001
0.8856599999999999
1.21142
1.0485399999999998
0.68206
0.70242
0.88057
0.95692
1.0587199999999999
0.68715
0.68715
0.78386
1.07908
1.0841699999999999
1.07908
1.03836
0.7431399999999999
1.12489
0.6922400000000001
0.9467399999999999
1.16052
1.14016
0.69733
1.15034
0.86021
1.02818
1.08926
1.15034
0.8856599999999999
0.9671
1.10962
1.09435
1.0841699999999999
0.7075100000000001
0.7126
0.79913
1.0485399999999998
0.7227799999999999
1.09944
0.7126
1.12489
1.10962
0.97728
0.7176899999999999
1.0587199999999999
0.70242
0.78386
0.8856599999999999
1.0485399999999998
0.6922400000000001
0.7227799999999999
1.2954
0.89584
1.0332700000000001
1.06381
1.1147099999999999
1.48336
0.68715
0.8653000000000001
1.04345
0.69733
0.96201
0.73805
0.7278699999999999
0.95183
1.09944
1.09944
0.8907499999999999
0.68715
1.48844
0.94165
1.0841699999999999
1.1198
0.69733
0.98237
0.79404
0.76859
0.69733
0.7176899999999999
0.68715
0.98746
1.02309
1.1198
0.69733
0.69733
0.7635
0.99255
1.15543
0.70242
0.7176899999999999
0.69733
1.3208
0.7227799999999999
1.0332700000000001
0.69733
0.8907499999999999
0.95183
1.02818
1.0332700000000001
0.9161999999999999
0.8754799999999999
0.91111
1.21651
0.8754799999999999
0.6922400000000001
0.87039
0.69733
0.7889499999999999
1.03836
1.24705
0.69733
1.06381
1.08926
1.16561
1.07399
1.08926
1.1147099999999999
0.7075100000000001
0.7635
1.10453
1.06381
1.04345
0.8754799999999999
0.70242
0.6922400000000001
0.74823
1.0485399999999998
1.09435
0.7635
0.86021
0.8042199999999999
1.2216
1.0841699999999999
1.1961499999999998
0.79913
0.80931
0.85512
1.64084
1.1147099999999999
1.15543
1.16052
0.8144
1.1961499999999998
1.91008
1.23687
0.77877
1.2572299999999998
0.81949
1.6764000000000001
0.98746
1.1198
1.24705
1.10962
0.8144
1.16052
1.39466
1.28777
0.87039
0.82967
0.80931
1.6662400000000002
1.651
1.00782
0.79913
0.8500300000000001
0.82967
1.02309
1.28268
1.0841699999999999
0.79404
1.2012399999999999
0.86021
1.65608
1.1707
1.12489
0.78386
0.8042199999999999
1.88468
1.60528
1.31322
1.18597
0.79913
0.80931
1.58496
1.4252
0.97728
0.91111
0.81949
0.79404
1.39192
1.14016
1.50368
1.18597
0.80931
1.21142
1.12998
0.95183
0.8653000000000001
0.7889499999999999
0.82458
1.16561
1.4376399999999998
1.07399
0.80931
1.1757900000000001
1.31831
1.06381
1.98628
0.9671
0.79404
0.85512
0.81949
1.53209
2.032
1.13507
1.00782
0.7736799999999999
0.7889499999999999
1.64084
1.21142
1.1198
0.99764
0.80931
0.79404
1.08926
1.18597
0.82967
0.8042199999999999
1.2012399999999999
1.09944
1.1198
1.18597
1.2012399999999999
1.018
1.45796
0.86021
1.4071600000000002
1.2216
0.81949
0.78386
1.20633
0.9009299999999999
1.78816
1.09435
0.81949
0.8042199999999999
0.7889499999999999
1.21142
1.2012399999999999
0.82458
1.3539400000000001
0.8347600000000001
0.7889499999999999
1.1961499999999998
1.23687
1.0027300000000001
1.61036
1.07908
1.6713200000000001
1.34376
1.10962
0.82967
0.8144
1.53416
1.4122400000000002
0.97219
0.82967
0.8042199999999999
0.79404
1.28268
1.25214
1.15034
0.7584099999999999
1.35903
1.28268
1.0689
1.26741
1.1961499999999998
0.7889499999999999
1.20633
0.84494
1.53416
0.97728
0.79913
0.79404
0.79913
1.0689
1.56972
1.07399
1.02309
0.7736799999999999
0.79913
1.22936
1.35636
0.9009299999999999
0.81949
0.82967
0.77877
1.24705
1.09435
1.19106
0.95183
0.80931
1.1147099999999999
1.13507
1.26741
0.8144
0.9671
1.2266899999999998
0.83985
0.98237
1.62052
1.13507
1.3360400000000001
0.8042199999999999
0.8500300000000001
1.7272
1.10453
1.21142
0.79913
1.1707
0.8144
1.2623199999999999
1.18088
0.88057
0.8500300000000001
0.8042199999999999
1.50368
1.4252
0.85512
1.6713200000000001
1.14525
0.8042199999999999
1.35128
1.25214
0.7889499999999999
0.95692
0.78386
0.79404
1.56464
1.03836
1.5493999999999999
0.8042199999999999
0.79913
0.84494
1.651
1.07908
0.7889499999999999
1.15034
0.84494
1.04345
1.6967200000000002
1.21142
1.1757900000000001
1.2266899999999998
0.77877
1.82372
1.2572299999999998
1.56972
1.39466
1.19106
1.18088
1.13507
1.84404
1.0485399999999998
1.16561
0.8042199999999999
0.83985
1.18597
1.20633
0.82967
1.15543
0.87039
0.7889499999999999
1.1198
1.16052
1.1147099999999999
0.79913
0.7889499999999999
1.12998
1.6662400000000002
0.99255
1.23687
0.81949
1.1198
0.9671
1.45288
1.04345
0.92638
0.8144
0.79913
1.8288
1.30556
0.9060199999999999
0.79913
0.8347600000000001
0.78386
1.10962
1.28777
1.19106
0.8042199999999999
1.04345
0.7889499999999999
1.01291
0.96201
1.26741
1.4782799999999998
0.79913
0.82967
1.00782
1.13507
0.79913
1.2012399999999999
1.15034
1.14525
1.75768
1.1961499999999998
1.30813
1.2317799999999999
0.8042199999999999
0.86021
1.35903
0.9161999999999999
1.26741
1.16561
0.83985
1.63576
2.04724
1.13507
0.8144
1.14016
0.8042199999999999
1.21142
1.19106
1.14525
0.84494
0.78386
0.80931
1.0841699999999999
1.3665200000000002
1.1147099999999999
0.7889499999999999
0.8042199999999999
0.8653000000000001
1.48336
1.20633
0.8144
0.8042199999999999
0.8144
1.0485399999999998
1.44272
1.2266899999999998
0.82458
0.79404
0.8500300000000001
TEST #4
1.3766800000000001
1.06381
1.0841699999999999
1.0841699999999999
0.7075100000000001
0.7075100000000001
0.8856599999999999
1.2623199999999999
1.0485399999999998
1.0689
1.1198
0.69733
1.09435
1.0536299999999998
0.69733
0.7126
0.7227799999999999
2.7378000000000005
2.41839
2.6769600000000002
2.60598
2.29671
2.29671
2.3474100000000004
2.59077
2.59077
2.5857
2.2308000000000003
2.5755600000000003
2.8588999999999993
2.29164
2.54514
2.61612
2.31699
2.2308000000000003
2.36769
2.46909
2.4843
2.21559
2.11926
2.6364
2.3524800000000003
2.44374
2.07264
2.42853
2.2308000000000003
2.0574000000000003
2.5704900000000004
2.07363
2.39811
2.0787
2.40318
2.46402
2.44374
2.40318
2.01168
2.0066
2.44374
2.13447
2.49951
2.41332
2.15982
1.9558
2.02692
2.3727600000000004
2.7378000000000005
1.9710400000000001
2.3322000000000003
1.9558
1.94056
2.34234
1.9608800000000002
1.91516
2.16489
2.27136
2.2308000000000003
2.22066
2.2358700000000002
3.88345
1.93548
1.9253200000000001
1.94564
2.16489
2.4792300000000003
1.89992
1.91008
1.88976
1.99136
2.22066
1.8796
2.3322000000000003
1.86944
2.4336
2.0077200000000004
1.86944
2.22573
1.8542
1.85928
1.87452
2.02293
2.21559
2.4538800000000003
1.8288
1.83896
1.86944
2.04216
2.1851700000000003
2.27136
2.22066
2.16489
2.5704900000000004
2.0827999999999998
2.24094
2.16996
2.19024
2.2105200000000003
2.01168
1.9253200000000001
2.1851700000000003
2.20038
1.8135599999999998
1.81864
2.19024
2.24601
1.9253200000000001
1.9253200000000001
1.81864
1.8084799999999999
2.29671
2.17503
2.13954
2.0787
1.79324
1.78816
1.95072
1.79324
1.7729199999999998
2.1851700000000003
1.8084799999999999
2.19024
2.04216
2.12433
1.8034
2.11328
1.8034
1.81864
2.14968
1.75768
2.45895
2.15475
2.20038
2.03708
2.1294
1.95072
1.92024
2.08884
2.11836
2.0574000000000003
1.7373600000000002
1.7424400000000002
1.7424400000000002
1.9608800000000002
2.07363
2.0066
1.83388
2.11836
2.11836
2.1294
1.8084799999999999
1.7627599999999999
1.72212
2.0878799999999997
1.7272
2.46909
1.7627599999999999
1.8084799999999999
1.87452
2.13954
1.7272
1.97612
1.78816
1.97612
2.11836
1.7526
1.7068800000000002
1.7018000000000002
1.94564
1.7018000000000002
1.8796
1.91516
2.09391
1.9964400000000002
1.6967200000000002
2.1082
2.07264
2.028
1.7424400000000002
1.69164
2.11328
1.7068800000000002
1.7627599999999999
2.08377
1.86436
2.1851700000000003
2.1294
1.91516
1.6764000000000001
1.68656
2.66175
1.7068800000000002
1.86944
2.04724
1.83388
1.86436
1.84404
1.92024
2.03708
1.89992
1.69164
1.65608
1.99136
2.03708
1.68656
1.9975800000000001
1.8288
1.69164
2.04216
1.6611600000000002
1.6662400000000002
1.65608
1.905
1.7018000000000002
2.1294
1.6967200000000002
1.9925100000000002
2.04216
1.92024
1.9812
1.6662400000000002
1.6611600000000002
1.6306800000000001
1.72212
2.06856
1.63576
2.0827999999999998
1.65608
1.6306800000000001
1.75768
2.02692
1.7018000000000002
2.0330700000000004
1.6306800000000001
1.95072
2.01676
1.6256000000000002
1.6713200000000001
1.64084
1.7018000000000002
1.86436
2.0066
1.9925100000000002
1.651
2.39304
1.7170400000000001
1.9608800000000002
1.62052
1.61036
1.7779999999999998
1.91516
1.63576
1.61544
1.62052
1.62052
1.69164
1.9558
1.9710400000000001
1.9659600000000002
2.0523200000000004
1.61036
1.88976
1.68656
1.8796
1.6306800000000001
1.94056
2.1851700000000003
1.78308
1.9812
2.032
1.6306800000000001
1.98628
1.9964400000000002
1.78816
1.98628
1.9304000000000001
1.94056
1.59512
1.60528
2.14884
1.60528
1.61544
1.9812
1.9253200000000001
1.82372
1.98628
1.83388
1.58496
1.651
1.9253200000000001
2.01676
1.59512
1.57988
2.02692
1.59512
1.8491199999999999
1.99136
1.9558
1.57988
1.5900400000000001
1.56972
1.8288
1.75768
1.57988
1.56464
1.99136
2.14376
1.94056
2.00152
1.5748
1.61036
1.5748
1.88976
1.94564
1.95072
1.98628
1.58496
1.58496
1.74752
1.89992
1.60528
1.55448
1.89484
2.14376
2.16489
1.88976
1.89992
1.905
1.7272
1.98628
1.6256000000000002
1.97612
1.56464
1.94056
1.55448
1.56972
1.79324
1.7526
1.53416
2.02184
1.5493999999999999
1.78816
1.9659600000000002
1.54432
1.7068800000000002
1.7424400000000002
1.7779999999999998
1.6967200000000002
1.97612
1.6967200000000002
1.7627599999999999
1.95072
1.54432
1.98628
1.9608800000000002
1.905
1.56972
1.53924
1.527
2.32206
1.7424400000000002
1.9812
1.53416
1.8034
1.61036
1.8288
1.8796
1.905
1.87452
2.01676
1.92024
1.85928
1.6256000000000002
1.7678399999999999
1.53924
1.68148
1.9253200000000001
1.86436
1.9304000000000001
1.53718
1.55448
1.81864
1.94056
1.50664
1.7068800000000002
1.7373600000000002
2.2612200000000002
1.5087599999999999
2.70738
1.50368
1.50368
1.7627599999999999
1.83388
1.49352
1.5219099999999999
1.5117299999999998
1.50664
1.88976
1.91008
1.84404
1.49352
1.5117299999999998
1.5748
1.86436
1.8288
1.9304000000000001
1.83896
1.51892
1.64592
1.94056
1.8288
1.524
1.5117299999999998
1.5087599999999999
1.5748
1.92024
1.83896
1.84404
1.56972
1.61036
1.6764000000000001
1.85928
1.84404
1.8491199999999999
1.91008
1.50155
1.83388
1.49646
1.8796
1.8288
1.4811899999999998
1.5493999999999999
2.3322000000000003
1.94564
1.86944
1.4811899999999998
1.4986
2.36262
1.8542
1.8084799999999999
1.86944
1.4761
1.8135599999999998
1.6611600000000002
1.8135599999999998
1.8084799999999999
1.8288
1.5493999999999999
1.4761
1.7170400000000001
1.83896
1.8034
1.4862799999999998
1.49352
1.45796
2.20472
1.84404
1.89484
1.89992
1.81864
2.1294
1.5473599999999998
1.92024
1.89992
1.8034
1.4557399999999998
1.53416
1.78308
1.81864
1.95072
1.4681199999999999
1.4913699999999999
1.56464
1.79324
1.8796
1.79832
1.4608299999999999
1.4913699999999999
1.8288
1.8084799999999999
1.86436
1.84404
1.4782799999999998
1.47101
1.83896
1.88468
1.7068800000000002
1.4811899999999998
1.62052
1.47101
1.527
1.83896
1.79832
1.47101
TEST #5
1.63576
2.26568
1.47101
1.8034
1.79324
1.4455599999999997
1.69164
1.81864
1.4353799999999999
1.4761
1.4353799999999999
1.4455599999999997
1.78308
1.9253200000000001
1.61036
1.4252
1.43029
1.83896
1.6713200000000001
2.0523200000000004
1.43029
1.78308
1.4608299999999999
1.5087599999999999
1.4353799999999999
1.7678399999999999
1.4252
1.4353799999999999
2.1336
1.4455599999999997
1.6306800000000001
1.50155
1.62052
1.49352
1.6764000000000001
1.8084799999999999
1.83896
1.83896
1.4455599999999997
1.68148
1.9253200000000001
1.5900400000000001
1.4353799999999999
1.4252
1.43029
1.62052
1.86436
1.91008
1.4353799999999999
1.48336
1.43029
1.57988
1.7627599999999999
1.4099300000000001
1.42011
1.8796
0.94165
0.9212899999999999
1.06381
1.07399
1.16561
0.74823
0.7176899999999999
0.9671
0.9009299999999999
0.7278699999999999
1.06381
0.7075100000000001
1.42748
1.0536299999999998
0.9009299999999999
1.12998
0.7176899999999999
1.4071600000000002
0.79913
1.03836
1.0841699999999999
1.04345
0.7278699999999999
0.7126
0.74823
1.2216
1.08926
1.0689
0.73296
0.7176899999999999
1.15543
1.0485399999999998
1.0587199999999999
1.12998
0.7126
1.03836
0.91111
1.0587199999999999
1.0536299999999998
0.7075100000000001
0.7126
0.8754799999999999
0.95183
1.0587199999999999
0.7126
0.7176899999999999
0.7075100000000001
1.02818
0.95183
0.88057
0.91111
0.7227799999999999
0.7075100000000001
1.1198
1.08926
1.15034
0.9060199999999999
0.70242
0.7176899999999999
1.48844
1.1198
0.7126
1.0689
1.0689
0.7126
1.03836
1.018
0.8754799999999999
0.7126
0.8907499999999999
0.92638
1.0587199999999999
0.9161999999999999
0.7126
0.70242
1.12489
0.76859
1.02309
0.8856599999999999
1.06381
0.7126
0.7176899999999999
0.97219
1.20633
1.1198
0.7126
0.8907499999999999
1.0841699999999999
1.4376399999999998
0.75332
1.1198
1.06381
0.7431399999999999
1.21142
0.9161999999999999
1.09944
1.14525
1.0536299999999998
0.7075100000000001
0.7126
0.9212899999999999
1.1198
1.18088
1.10962
1.10962
0.73805
1.19106
0.7126
1.03836
1.0689
0.8856599999999999
1.1757900000000001
1.12998
1.03836
0.7126
1.0689
0.73805
1.06381
0.7176899999999999
0.73296
1.0485399999999998
0.73805
0.97219
0.8907499999999999
1.33358
0.75332
1.0689
0.91111
0.73296
1.15543
1.15543
1.14525
0.70242
0.7584099999999999
1.10962
0.9467399999999999
0.78386
0.7227799999999999
0.94165
0.8754799999999999
1.10453
0.70242
1.09944
0.7176899999999999
1.07908
0.73296
1.02309
0.7126
0.8907499999999999
1.0536299999999998
0.70242
1.15543
1.0536299999999998
1.09944
0.73296
1.15543
0.7889499999999999
0.77877
1.0587199999999999
1.02309
1.15543
0.73805
0.80931
1.07908
1.15543
0.73296
1.1961499999999998
0.7278699999999999
1.07399
1.0587199999999999
0.70242
0.7126
1.08926
1.0027300000000001
0.8754799999999999
1.09944
1.0587199999999999
0.8754799999999999
1.4173200000000001
0.7227799999999999
0.92638
1.0587199999999999
0.79913
0.8754799999999999
0.7075100000000001
0.7278699999999999
1.01291
0.8907499999999999
1.13507
1.07399
0.7278699999999999
1.0587199999999999
1.06381
1.02818
1.13507
0.7126
1.0587199999999999
0.8754799999999999
0.7176899999999999
1.0485399999999998
1.10453
1.16561
1.09435
0.8754799999999999
1.1147099999999999
1.0689
0.7176899999999999
0.7176899999999999
0.69733
1.4731999999999998
1.09435
0.7075100000000001
1.14016
0.8856599999999999
1.12489
1.13507
1.2266899999999998
1.31322
1.4478
0.7278699999999999
0.7635
1.49352
1.10962
1.06381
1.20633
0.89584
0.80931
1.10453
1.10962
1.0485399999999998
1.09944
0.73296
0.9009299999999999
1.10962
1.0689
1.06381
0.76859
0.7227799999999999
0.89584
0.7278699999999999
1.10962
0.95183
1.12489
1.12489
0.9161999999999999
1.07908
1.0689
0.7126
0.8500300000000001
0.78386
0.91111
0.70242
1.07399
1.0689
0.9212899999999999
0.7889499999999999
1.10962
1.09435
1.07399
0.8754799999999999
0.73296
0.95183
1.0485399999999998
1.06381
0.8907499999999999
0.8754799999999999
0.7126
1.25214
0.73805
1.0587199999999999
0.7176899999999999
0.70242
1.03836
0.8754799999999999
0.98746
1.0689
0.70242
0.7126
1.0536299999999998
0.9671
1.0841699999999999
1.0485399999999998
1.0587199999999999
0.95183
0.7584099999999999
1.6306800000000001
0.69733
0.7176899999999999
0.7176899999999999
1.0485399999999998
0.79913
1.0689
0.95183
1.14525
0.8144
0.7889499999999999
1.07399
0.74823
1.0587199999999999
0.7584099999999999
1.07908
0.99255
0.7075100000000001
1.0841699999999999
0.7126
0.70242
0.8042199999999999
1.24196
1.0689
1.07908
1.06381
1.07399
0.97728
1.0689
1.14016
0.7584099999999999
0.7278699999999999
0.73296
0.70242
1.09944
2.16916
1.13507
0.7126
0.7176899999999999
0.9009299999999999
0.96201
0.7176899999999999
1.07908
0.7176899999999999
0.70242
1.14016
1.0841699999999999
0.7278699999999999
1.53924
0.7176899999999999
1.02818
0.99255
1.0536299999999998
0.7075100000000001
1.14525
0.74823
0.7889499999999999
0.7278699999999999
1.0689
0.7176899999999999
0.8856599999999999
0.73805
1.06381
1.0536299999999998
1.0485399999999998
0.7075100000000001
0.7227799999999999
0.81949
0.73805
0.69733
0.7126
0.7227799999999999
1.0332700000000001
0.69733
0.92638
1.10962
1.09944
0.7075100000000001
0.73296
0.74823
0.98237
1.1198
1.12489
0.7075100000000001
0.70242
1.01291
1.25214
1.13507
0.9009299999999999
0.7126
1.15034
0.7889499999999999
1.08926
1.10962
1.07399
0.7126
0.7227799999999999
1.04345
1.0689
0.73805
0.7227799999999999
1.09944
0.7176899999999999
0.95183
1.07399
1.1147099999999999
0.7278699999999999
1.06381
1.0841699999999999
0.95692
1.1198
0.7176899999999999
0.70242
0.7126
0.79913
1.01291
1.09435
0.7075100000000001
0.7176899999999999
0.7126
0.7889499999999999
1.04345
1.0689
1.08926
0.69733
0.7075100000000001
1.12998
1.04345
1.0536299999999998
0.70242
1.1147099999999999
1.0841699999999999
1.04345
1.0587199999999999
1.14525
0.7075100000000001
1.18597
0.7176899999999999
0.74823
1.0689
0.8856599999999999
0.73805
0.7075100000000001
0.9467399999999999
0.9009299999999999
0.91111
0.7126
1.10962
1.07399
1.32849
1.0332700000000001
1.04345
1.07399
0.7431399999999999
0.6922400000000001
0.81949
1.06381
1.0332700000000001
0.8144
0.7075100000000001
1.13507
1.02309
0.7227799999999999
1.04345
0.7176899999999999
0.70242
1.0332700000000001
1.0689
1.0485399999999998
1.0689
1.09944
0.9212899999999999
